50666,57939
39963,57786
51330,57677
45078,57637
45619,57614
42368,57654
49288,57625
44288,57588
50774,57615
40666,57516
42548,57497
44976,57513
42409,57534
55637,57502
47351,57499
49599,57457
40438,57426
40151,57429
48553,57446
52626,57444
49614,57451
51307,57422
54760,57392
42198,57411
43733,57369
55147,57373
54557,57364
45968,57408
39600,57380
41704,57330
41457,57371
44933,57367
49655,57379
50727,57339
48515,57315
50270,57315
55208,57354
39741,57357
50434,57373
54652,57375
47533,57323
49478,57328
44878,57330
43877,57276
50348,57298
48306,57238
48593,57248
41299,57243
51303,57299
50683,57278
55118,57264
44006,57238
50960,57244
39442,57294
43977,57242
47456,57244
48628,57278
48194,57284
40529,56929
40944,56658
49221,56641
47283,56584
41755,56577
43869,56536
44876,56531
39184,56518
49067,56500
48004,56534
42960,56491
44406,56535
47519,56488
38599,56535
44330,56508
49298,56455
47515,56450
43446,56438
54591,56422
39377,56418
50549,56424
51637,56470
40236,56395
47682,56348
40417,56382
53604,56402
50309,56359
40731,56345
38533,56346
51326,56318
43059,56287
44920,56287
44322,56289
54754,56298
50490,56284
38746,56325
39609,56317
43347,56285
46052,56308
40954,56328
39142,56320
54571,56296
50751,56241
40564,56246
42224,56273
38766,56254
42150,56236
49690,56232
44948,56222
43863,56224
48420,56217
45337,56281
38598,56265
43410,56251
41765,56257
51483,56241
51346,56223
49622,56247
52228,56238
43108,56246
45440,56249
53700,56198
43906,56169
55043,56189
41990,55883
48356,55649
39246,55631
40888,55497
49815,55533
44373,55523
40058,55466
46884,55499
39463,55498
43144,55490
38101,55518
41965,55509
46916,55424
52826,55425
43706,55431
41253,55427
38855,55439
51737,55409
46495,55407
47599,55347
48229,55373
37999,55377
42233,55327
48818,55329
40154,55345
38863,55273
42739,55318
49677,55271
42103,55282
44444,55314
41275,55312
48263,55314
43502,55296
42270,55260
38913,55271
42384,55272
49002,55280
40235,55248
41107,55194
48861,55216
46215,55216
39218,55198
43827,55199
50128,55231
48501,55209
37378,55237
51204,55250
47257,55231
37790,55237
42719,55222
48133,55240
47594,55253
50300,55249
45067,55165
48128,55134
42763,55031
52406,55031
50298,55042
39733,55050
38817,55015
43514,55041
48562,55021
43205,54922
52998,54930
42755,54752
40366,54542
43232,54475
46255,54446
44342,54427
37810,54368
38728,54386
46197,54373
44290,54383
46957,54406
41842,54335
46150,54324
37602,54326
48723,54330
41377,54302
38855,54332
46177,54322
45157,54353
38178,54287
38093,54290
39028,54260
49211,54319
44622,54314
43719,54280
51843,54308
44080,54261
40476,54268
37770,54278
44345,54289
37022,54283
36894,54313
42860,54282
42700,54302
43428,54255
39623,54309
45962,54294
36611,54243
48786,54192
40511,54231
42768,54254
42835,54204
52739,54239
38050,54210
41697,54247
52291,54229
48141,54245
51635,54192
46430,54191
47180,54228
46234,54225
39503,54255
42664,54205
44960,54201
49077,54093
45192,54067
41233,54099
43495,54072
37585,54038
37530,53992
41015,53996
40813,54000
41704,54035
45814,54017
38558,53883
41460,53725
47071,53727
49280,53688
37420,53712
37686,53704
41306,53724
42897,53713
46206,53725
43091,53734
45172,53632
45141,53603
47487,53553
47508,53550
37053,53582
46125,53426
48512,53452
39807,53441
37642,53413
48169,53354
50545,53342
41605,53359
48005,53357
48317,53309
37170,53310
44764,53333
36018,53232
35784,53260
41806,53231
37311,53263
44104,53248
48835,53281
47379,53201
40988,53185
47269,53220
51614,53212
49264,53215
36290,53173
42325,53178
37123,53174
45812,53221
42253,53206
39830,53163
41006,53177
46230,53221
50688,53181
47961,53220
39800,53217
40885,53134
48985,53108
36419,53126
39735,53116
46069,53119
40404,53123
51525,53128
49172,53117
49196,53123
41299,53158
48054,53103
36958,53115
48204,53111
46453,53099
46210,53154
51780,53147
48253,53133
38554,53135
43039,53141
42025,53076
42251,53038
39774,53063
37470,53036
43936,53069
44961,53082
38780,53065
40924,53034
41725,53031
45846,53045
43094,53084
37822,53045
44910,53062
42083,53031
48965,53082
40263,53036
35773,53048
36987,53044
46062,53021
43245,52996
42675,52993
38505,52943
35321,52945
43927,52932
38881,52963
40807,52946
44340,52986
41726,52922
38489,52901
51669,52873
43924,52900
40775,52813
38466,52822
41997,52822
40510,52822
35436,52800
41432,52809
37096,52815
43516,52825
45180,52803
41766,52806
51615,52795
36507,52833
50164,52778
50338,52780
40056,52723
40477,52720
43055,52723
49464,52742
36460,52766
37556,52717
41037,52710
43406,52673
36884,52673
46504,52722
43134,52720
46186,52698
37342,52706
38674,52674
38447,52719
35687,52668
43364,52723
39464,52724
35870,52721
40269,52621
39736,52600
44256,52613
40095,52630
37200,52617
39654,52610
39785,52644
42963,52650
43051,52549
45528,52551
43498,52527
41559,52522
39315,52550
36061,52526
37966,52571
41305,52587
41135,52536
37416,52567
40552,52520
41829,52518
43766,52488
50277,52493
48043,52497
45685,52523
41285,52520
50267,52511
45016,52500
37206,52526
35523,52509
37117,52501
41887,52541
34657,52486
40100,52511
38274,52487
45546,52451
40544,52426
41777,52469
48249,52438
35723,52483
35327,52487
42755,52462
49294,52487
41748,52429
46171,52483
37500,52462
45227,52455
40069,52343
39198,52365
48197,52405
44135,52402
43030,52404
34760,52364
40773,52401
45407,52346
39444,52291
48186,52310
38489,52337
39878,52301
41745,52299
36476,52278
42228,52282
48031,52289
45068,52257
35552,52236
50533,52275
40176,52274
43442,52253
43030,52263
47140,52244
36805,52263
34584,52247
40713,52221
38993,52240
34422,52276
44875,52258
50687,52270
43219,52213
48287,52127
40567,52130
44824,52118
37896,52069
40814,52076
39057,52120
40577,52113
37913,52078
39019,52077
49239,52114
49204,52081
40023,52111
39931,52089
38439,52117
44349,52099
35300,52131
35696,52098
48124,52087
37426,52123
38369,52076
38038,52026
48554,52051
36941,52026
45817,52054
39315,52048
37759,52056
34145,52018
37726,52018
34265,52025
38113,52054
35337,51976
43333,51934
37681,51932
36983,51970
39717,51961
45807,51968
39744,51952
42685,51966
37846,51959
37681,51903
48481,51904
46369,51928
39890,51892
36851,51876
36919,51877
38870,51875
35779,51867
35338,51840
46195,51826
39222,51865
38535,51819
44091,51794
44098,51779
38822,51766
37120,51743
43254,51741
46144,51798
37904,51785
50330,51773
49410,51781
35842,51712
44828,51725
37647,51638
44999,51638
35173,51677
39022,51634
34604,51637
47270,51650
33936,51626
36562,51689
34769,51646
45120,51665
35728,51637
42998,51681
50209,51535
39036,51524
48263,51506
37419,51475
36475,51480
41152,51488
36588,51502
33660,51495
38177,51495
35576,51483
43273,51386
49196,51391
36543,51411
37755,51406
46279,51385
48602,51382
39803,51408
46040,51414
41182,51381
38248,51394
46030,51361
38904,51360
49252,51346
34417,51353
33892,51325
38869,51333
36638,51268
46390,51282
35283,51313
39476,51299
42280,51292
41181,51303
37564,51288
47059,51288
35350,51290
47278,51237
42372,51201
45388,51245
38488,51253
35339,51200
39169,51237
44326,51199
33444,51197
49250,51228
38023,51187
38192,51145
37928,51148
40203,51100
39831,51122
44812,51069
39765,51066
39681,51118
40658,51083
37517,51083
49021,51119
45943,51066
37488,51095
45377,51105
43823,51108
35134,51098
40009,51080
48637,51080
33536,51092
33997,51107
45355,51036
36308,50991
34016,50991
43321,50989
38174,51004
33286,50977
41103,51027
33689,51026
36826,50986
49395,51042
40927,50996
40383,51020
42342,51034
39528,50980
45358,51022
39227,50939
33771,50947
39161,50918
38348,50927
34750,50930
44864,50927
45157,50946
38834,50953
36122,50922
47033,50919
39160,50972
35388,50979
41312,50927
37739,50957
36444,50955
33859,50938
36349,50945
33952,50888
42444,50896
40192,50878
42313,50789
34415,50782
38047,50757
38436,50779
41173,50730
45358,50760
34909,50778
39657,50788
34365,50770
43520,50729
40899,50694
40947,50694
38593,50660
32800,50627
36502,50688
35488,50644
36132,50635
33560,50631
39353,50650
36515,50671
41171,50626
33350,50546
34552,50551
34289,50547
38361,50589
33602,50590
36766,50588
35406,50580
40160,50518
45929,50489
45011,50526
33490,50537
35921,50496
37830,50528
35097,50534
38537,50479
40005,50349
45203,50401
33850,50399
49191,50346
34510,50364
33451,50401
48217,50379
43221,50403
46175,50371
36121,50396
39230,50382
36074,50382
37815,50384
40590,50363
34599,50392
45937,50321
44958,50345
38710,50287
40898,50337
38837,50313
49230,50346
35506,50300
38744,50264
48469,50250
38796,50251
35560,50286
33789,50259
33996,50307
48992,50310
33462,50266
44984,50296
40174,50202
40734,50207
34818,50203
34552,50170
40686,50181
35591,50188
38647,50199
48311,50205
43863,50183
44806,50195
47068,50221
34833,50140
40782,50102
38462,50101
35294,50057
42873,50073
47064,50040
37698,50027
38673,50090
34606,50035
40675,50083
35679,50052
44851,50055
45894,50039
37312,50075
39532,50037
44983,50056
38787,50027
32681,50026
40564,50020
35427,50018
37106,50027
38462,50006
38033,50036
43811,49995
41163,49930
38017,49912
45120,49944
39333,49928
32250,49921
34528,49908
47286,49910
39775,49907
40013,49966
35457,49945
44236,49954
33087,49913
34921,49867
40612,49840
41285,49804
48213,49852
32695,49831
45829,49770
38494,49745
36113,49737
44120,49713
36710,49713
41051,49681
37526,49617
39212,49653
37778,49649
32554,49598
31923,49633
31980,49647
41089,49639
47358,49643
45891,49640
31788,49529
37257,49572
47336,49569
46956,49542
39762,49585
32004,49581
47133,49574
46240,49560
34941,49531
43893,49485
32499,49513
39190,49505
32833,49457
31943,49514
31961,49516
43906,49471
34078,49484
33492,49499
33766,49372
44819,49393
38732,49403
39185,49382
37533,49339
33896,49318
32153,49307
35919,49304
37754,49289
33675,49291
35040,49288
33464,49287
39239,49291
36660,49301
35502,49295
43940,49289
43320,49257
44914,49242
36130,49244
48266,49264
37754,49296
33120,49173
40977,49211
32734,49198
41914,49203
35790,49032
47137,49068
41219,49054
34403,49083
36409,49082
34241,49058
36377,49087
32882,49079
33174,49082
34028,49069
44890,49061
35000,49073
44228,49047
41806,49020
32594,48964
35893,49022
33103,48980
38535,48999
34441,49020
38864,48958
33610,48932
35684,48955
42875,48943
34621,48962
42683,48956
37789,48932
37746,48965
41291,48976
34071,48943
31458,48941
38575,48983
34416,48871
35626,48902
34692,48847
35120,48882
33733,48856
45057,48877
36657,48829
47334,48800
32593,48825
42697,48764
42868,48724
38527,48721
31414,48742
38082,48709
31745,48699
41569,48614
33089,48652
32174,48643
31309,48650
36500,48604
43725,48634
33510,48588
34101,48587
37513,48637
45016,48633
45155,48606
31731,48549
33542,48551
36620,48544
33391,48585
47168,48479
43754,48469
45197,48491
32850,48495
30752,48512
43331,48496
35869,48512
32454,48474
47219,48521
44836,48464
33704,48444
39733,48394
46067,48408
36792,48381
37497,48406
36650,48406
34415,48287
40813,48302
41821,48336
46072,48314
32816,48277
34614,48287
31237,48331
47218,48283
35759,48308
35501,48297
42332,48293
31812,48333
34328,48230
32163,48263
44959,48218
34597,48205
31257,48227
40607,48223
37213,48265
32993,48218
46297,48256
38139,48213
36112,48220
43282,48213
34366,48258
37148,48208
31307,48195
30641,48223
42895,48172
40650,48175
31936,48225
32755,48177
37730,48174
42811,48171
44836,47994
30629,48027
41198,48026
30446,48049
37791,48018
42872,48054
45245,48047
30619,48017
45265,48018
36145,48054
32779,48037
30758,47993
34735,48001
44320,47992
31345,48053
40776,48039
34931,48016
43805,47974
32759,48020
32272,47972
44275,47997
31584,47969
31343,48010
41603,47920
31870,47941
31886,47937
31363,47945
34765,47923
33483,47918
37200,47900
43874,47906
30507,47949
33888,47918
37930,47917
30156,47942
39540,47841
34040,47877
30200,47876
40983,47770
30488,47756
36415,47747
32467,47797
32818,47798
43865,47746
32952,47779
35300,47773
32923,47771
38431,47807
32998,47801
31965,47695
32742,47739
43782,47710
31252,47697
32524,47617
37689,47638
37999,47632
31358,47591
36754,47648
33059,47602
37841,47637
39206,47644
33683,47591
43877,47642
38728,47626
35046,47521
30869,47550
32405,47539
35954,47497
32960,47479
43806,47452
33588,47475
43887,47438
36462,47483
38058,47483
42794,47449
34049,47460
41567,47462
46132,47426
45919,47468
36445,47440
40558,47428
35650,47470
30771,47457
34741,47416
33771,47370
32796,47392
29935,47395
33361,47373
32408,47401
35651,47414
45228,47363
37295,47335
38662,47328
37130,47268
31848,47246
43795,47246
37060,47279
32103,47268
38712,47283
33383,47257
37257,47242
33389,47265
34077,47252
37609,47208
32882,47221
30199,47268
35678,47262
29939,47261
33073,47241
41861,47223
33516,47208
30302,47217
33651,47211
31264,47246
32128,47215
37788,47189
44239,47147
37015,47146
32708,47137
32263,47168
35013,47178
29815,47135
31933,47171
30421,47135
43363,47176
32920,47156
33702,47023
30051,47018
29695,47022
33775,47053
36444,47055
34636,47064
33585,47045
33774,47036
39763,47053
42933,47060
38555,47026
37975,47050
30942,47058
31496,47050
30125,47031
32102,47033
29395,47063
44134,47058
33566,47038
32619,47033
40768,47037
42932,47019
29724,46988
34944,46944
43847,46984
29088,46969
32427,46949
39838,46998
34797,46971
29640,47000
34694,46950
29813,46980
35789,46986
34723,46961
45948,46997
29368,46980
39891,46954
43350,46889
31272,46907
29368,46900
40779,46878
35482,46896
30345,46937
30673,46877
29250,46925
30657,46926
38133,46900
38145,46831
30163,46859
38509,46864
42757,46850
30286,46834
45255,46836
29626,46800
31484,46799
43351,46825
36523,46764
36770,46768
38714,46712
43890,46744
30345,46729
39560,46713
33872,46629
43348,46632
40658,46654
31264,46618
32505,46638
34076,46660
31826,46636
36039,46606
37026,46610
30338,46588
36042,46567
29929,46582
37304,46568
37055,46582
31522,46535
36734,46540
41824,46579
30493,46550
29073,46549
34533,46524
29336,46504
34722,46554
30512,46518
38943,46512
41024,46534
34107,46521
32455,46443
41192,46471
29302,46479
31929,46437
35295,46441
28679,46443
32373,46448
34690,46495
41808,46468
29222,46456
37754,46466
39669,46468
30036,46494
31803,46464
29345,46486
34016,46487
33726,46488
33746,46463
39771,46477
37041,46445
32879,46439
30307,46413
28625,46392
29111,46335
35504,46240
34918,46301
32828,46289
31507,46290
44244,46238
32864,46289
30456,46238
40557,46214
32914,46216
34416,46207
29244,46209
32575,46196
29175,46255
42747,46202
29252,46253
32848,46250
29354,46205
37581,46203
31324,46237
44125,46127
30793,46125
30322,46122
33938,46158
39816,46121
43370,46140
31278,46146
43878,46179
29633,46184
33763,46077
31862,46064
39730,46053
40580,46011
36521,46065
31445,46022
34494,46060
39807,46024
38417,46054
32997,46064
28638,46021
42830,46029
32477,46008
37820,46055
28770,46006
28675,46047
29855,46027
34723,46024
36838,46007
33452,46055
42874,46008
33919,46061
29848,46064
28445,46062
29664,46064
34416,46045
43391,45929
28662,45974
32514,45970
38569,45941
28053,45960
30224,45976
33578,45934
35456,45929
35754,45948
34525,45900
32614,45901
40763,45907
31582,45903
32541,45890
29117,45932
38153,45915
42808,45927
42730,45821
32464,45802
28440,45808
29354,45811
34512,45832
29058,45811
35128,45826
28467,45748
44087,45773
33770,45744
28644,45735
30391,45683
31241,45704
27875,45717
33431,45693
36146,45681
36109,45671
28579,45696
33431,45709
40800,45601
36306,45611
41304,45566
31902,45624
35756,45602
37990,45567
42931,45618
38664,45611
37955,45602
32135,45601
33722,45586
27690,45609
29158,45584
28816,45598
34642,45625
42768,45567
32355,45522
30716,45538
34375,45529
38753,45524
33609,45490
27973,45524
28318,45506
38041,45529
32416,45504
34899,45502
31565,45484
30830,45531
29223,45462
36692,45429
28413,45471
38708,45456
30643,45441
40769,45437
36140,45487
35255,45456
37687,45402
31242,45407
32316,45411
27637,45358
28557,45312
36675,45278
27350,45251
30189,45275
32877,45227
28004,45278
27499,45233
30543,45233
33594,45161
31450,45202
29257,45149
29702,45155
41805,45162
36533,45178
32409,45162
37129,45161
34050,45181
30687,45149
32616,45130
34369,45141
27549,45155
32770,45146
36134,45150
33905,45068
36625,45087
32531,45073
29403,44969
32428,45026
28255,45005
31358,44999
34083,44985
30514,44973
32498,44974
33632,45014
29562,44969
31266,45015
35016,44985
27642,45028
31682,44999
27188,45018
38794,44981
32580,44988
33723,45006
30326,44937
30168,44943
37721,44940
42829,44907
27193,44970
31800,44957
28436,44922
31555,44917
27521,44871
30730,44892
29623,44904
29706,44869
37793,44892
36518,44921
32578,44815
30695,44853
27341,44836
38981,44821
32096,44816
34087,44774
33767,44758
32564,44751
32097,44723
38715,44755
39692,44782
39670,44695
29574,44722
36672,44707
27114,44726
37148,44690
36773,44726
28793,44716
34709,44671
28936,44708
42887,44671
36687,44684
27682,44595
31281,44541
37823,44568
31298,44541
29444,44536
30545,44571
34105,44530
26724,44528
35130,44579
30551,44521
35029,44528
34536,44525
30391,44529
33009,44538
36285,44565
31251,44484
42871,44526
31789,44506
32496,44507
27881,44499
26994,44507
30805,44506
29410,44503
28986,44506
33658,44531
32651,44526
30619,44532
30612,44407
27408,44418
35042,44400
31261,44437
29328,44421
26984,44391
41886,44406
29374,44394
30455,44403
27320,44441
33580,44439
30084,44450
31457,44430
29461,44437
37839,44432
33871,44352
36790,44339
35671,44342
28752,44359
35494,44328
40188,44348
37806,44387
32647,44333
38943,44368
33415,44389
27069,44318
30338,44302
29251,44332
38714,44316
30626,44313
28412,44355
38531,44308
30789,44236
28790,44244
31260,44265
26367,44170
26654,44217
30662,44223
42859,44203
26326,44217
30266,44220
27231,44213
37680,44138
33627,44129
36291,43992
30173,43953
33034,43975
38119,43968
38124,43998
29560,43960
27582,44007
28019,44010
42257,43947
33881,43885
28041,43918
32965,43935
27620,43882
40768,43936
35028,43946
26236,43942
34258,43928
31477,43887
30679,43895
33573,43901
27252,43915
30254,43891
41855,43892
35630,43897
36065,43926
36101,43901
34417,43870
29324,43846
26950,43858
32706,43861
32358,43868
34479,43842
28218,43894
36667,43849
33358,43901
26291,43893
30728,43794
31549,43825
34774,43818
37674,43782
28797,43830
26937,43803
26115,43796
26031,43826
28377,43731
37718,43715
38981,43735
36749,43733
34755,43750
27016,43740
25880,43653
29734,43671
39874,43673
35309,43695
29140,43689
38696,43631
32724,43603
35101,43635
27099,43610
27516,43579
25853,43613
29351,43539
34448,43548
31465,43568
36786,43480
27208,43522
30641,43515
29513,43509
32218,43516
34467,43470
27134,43507
27391,43514
34813,43466
29093,43412
30300,43435
25994,43425
37851,43411
32402,43435
27597,43460
31801,43416
25865,43459
28668,43409
28161,43340
29451,43343
26221,43378
27391,43347
31610,43379
32980,43383
32733,43386
25907,43379
34460,43398
31532,43274
29135,43303
26392,43302
26206,43296
36817,43284
28350,43246
30616,43232
37817,43209
26291,43255
39521,43209
31530,43219
31698,43255
35736,43203
26466,43210
31431,43267
27285,43144
26958,43185
38515,43099
31584,43017
26407,43023
31778,43014
26658,43025
34019,43016
32873,43008
30081,42993
36303,42961
25917,42949
36836,42986
27591,42998
29362,42973
33384,42988
28655,42893
29041,42913
33357,42875
26567,42919
26169,42921
40855,42910
33040,42896
31416,42919
30378,42932
36330,42901
40201,42895
31218,42878
35758,42923
30841,42931
30699,42920
37805,42837
29001,42846
28976,42872
35291,42837
26288,42822
36728,42835
39862,42853
36648,42844
24959,42876
29458,42837
31707,42841
35740,42870
38524,42842
34663,42863
28477,42881
26247,42771
31715,42812
30260,42789
25753,42787
25223,42806
27757,42778
39643,42752
35795,42769
28491,42697
25057,42704
26257,42715
28640,42693
32329,42725
25027,42621
33578,42644
26614,42661
25912,42623
30050,42673
35745,42620
29360,42591
28682,42595
28297,42587
27667,42607
31241,42585
27122,42602
24799,42637
31776,42615
35267,42588
32703,42587
25013,42587
28156,42617
38699,42549
25744,42534
25111,42527
35244,42523
29206,42540
24929,42565
28384,42484
25633,42493
31681,42479
32895,42500
28231,42467
30552,42487
30606,42459
35128,42478
30191,42487
34679,42469
27570,42485
31587,42392
25473,42387
30196,42446
40162,42395
29471,42417
27147,42442
30511,42448
27760,42409
35664,42408
31565,42388
40875,42413
33615,42431
24567,42436
25661,42403
28945,42397
26128,42441
29209,42426
30261,42313
27479,42352
29356,42310
27278,42324
24939,42340
29321,42357
40873,42375
34284,42324
27603,42335
28365,42353
32998,42375
28501,42359
32322,42344
26391,42338
32127,42349
31713,42372
40800,42251
25442,42285
34261,42288
38998,42252
24638,42214
29595,42220
26413,42201
30871,42193
30235,42236
27111,42196
29041,42202
25082,42242
24866,42201
32131,42096
29074,42120
32410,42066
30248,42104
24315,42085
30376,42126
25147,42081
26128,41971
29582,41953
24168,41985
32733,41987
24494,41974
35794,41937
27544,41986
25081,41944
38723,41966
25399,41861
31748,41907
27757,41864
27472,41908
25384,41883
40168,41916
27465,41893
33679,41857
26423,41860
40187,41865
36291,41903
25434,41874
26169,41873
26318,41814
31723,41852
29673,41844
27272,41802
24958,41793
27435,41835
29120,41811
36723,41795
27094,41826
31266,41821
24857,41801
36724,41828
25591,41797
28155,41801
30274,41827
27054,41825
28952,41779
34426,41790
24915,41749
25781,41740
36789,41766
25938,41720
36801,41690
26445,41739
28237,41707
27474,41718
26335,41619
26415,41646
33410,41623
35021,41618
24362,41633
26086,41629
26976,41659
29170,41553
32402,41597
33590,41607
25916,41597
27460,41581
31667,41566
38528,41556
30608,41545
25156,41519
26134,41532
25012,41517
28307,41541
25624,41505
24241,41550
32668,41536
39868,41553
32693,41553
25538,41487
25651,41446
24630,41474
29453,41480
34478,41447
26962,41460
39660,41467
25854,41428
25044,41377
23655,41399
23777,41416
23877,41386
30275,41400
32697,41438
32252,41425
33351,41380
28954,41410
28176,41395
25472,41395
23590,41394
24241,41418
30558,41426
39866,41293
36290,41345
39659,41322
31216,41295
25938,41305
39563,41336
24937,41311
23870,41352
26334,41340
27032,41311
23943,41355
32908,41298
24864,41267
27570,41280
23517,41262
24168,41275
23629,41235
33408,41218
30320,41205
27112,41203
25906,41182
28298,41177
26128,41191
26073,41197
35297,41228
29206,41187
25529,41216
26498,41234
29247,41235
31688,41229
25808,41186
25124,41112
26164,41128
30424,41166
28728,41133
27023,41082
36724,41095
32754,41047
27774,41095
26362,41049
24247,41106
23737,41085
33637,41053
30210,41018
32146,40974
35753,40926
28146,40959
24307,40914
39682,40966
25318,40964
28470,40916
27289,40815
28724,40806
26506,40792
24265,40775
27075,40835
36683,40804
25431,40754
23353,40752
28673,40810
25336,40778
30234,40794
24228,40752
32893,40784
23103,40813
32397,40703
22798,40688
32094,40732
32507,40719
27572,40673
24977,40676
23567,40711
29328,40635
34616,40664
25551,40546
30628,40546
25914,40573
36797,40595
30651,40587
32908,40544
22707,40572
30502,40527
24154,40528
29399,40490
22892,40492
33364,40535
23374,40511
32373,40503
27455,40445
35688,40464
36740,40435
25156,40416
27137,40443
29521,40429
35810,40470
29338,40457
26514,40413
25233,40449
30407,40465
30185,40404
25326,40344
28486,40349
26430,40370
29122,40356
34272,40372
23442,40349
24420,40351
23344,40395
27325,40348
30523,40375
23983,40378
27799,40398
31615,40315
33399,40301
27347,40315
22692,40272
30546,40331
22881,40277
31675,40310
27439,40278
29192,40302
28505,40298
25836,40291
23998,40304
26207,40286
29476,40315
30523,40310
28393,40240
24305,40249
23270,40256
26219,40234
23049,40224
29537,40221
27451,40248
22937,40228
27266,40219
23058,40221
28597,40241
27905,40177
27484,40187
35653,40177
26258,40150
35596,40164
35768,40193
29597,40124
28987,40137
23475,40123
26184,40157
25001,40038
22288,40088
26965,40089
29039,40100
23527,40095
22737,40041
31662,40066
29246,40050
23296,40082
29180,40012
22870,40014
30582,39967
25665,39983
28341,39978
23258,40018
29061,39966
22827,39904
22793,39940
26939,39915
22114,39951
32347,39921
32393,39951
23873,39932
25243,39903
25362,39940
23308,39958
28159,39832
22788,39872
22509,39768
30668,39767
24161,39802
22858,39797
22208,39771
27555,39793
30419,39768
36755,39760
27300,39711
22529,39728
32778,39758
29518,39731
24198,39750
22622,39711
29096,39723
23918,39766
23800,39739
32892,39651
24218,39676
31241,39699
26971,39691
27492,39664
24433,39606
30418,39621
23082,39579
26211,39585
28946,39582
31631,39608
23165,39599
27070,39584
24357,39584
24112,39509
26410,39531
28165,39529
25967,39520
34439,39553
25036,39510
26106,39451
32269,39477
26305,39426
22748,39390
36670,39378
27211,39435
21614,39390
28217,39421
34664,39419
27030,39434
25162,39373
21900,39422
24118,39411
23312,39430
24378,39410
27051,39438
25924,39396
28267,39382
25129,39373
25430,39389
28167,39390
29006,39351
28175,39313
23788,39330
27207,39334
30507,39346
29523,39368
22520,39363
21801,39322
29293,39323
26329,39349
31634,39369
28480,39242
22989,39300
23062,39290
25363,39291
29253,39290
35752,39255
32860,39275
30369,39252
21420,39251
25361,39270
27338,39239
22893,39208
26401,39184
22364,39163
25853,39177
23964,39157
28305,39167
25154,39194
22339,39174
23088,39088
25299,39140
27316,39050
36683,39026
25135,39051
36685,39067
25150,39041
31216,39067
25950,39029
27520,39063
22191,39052
23499,39062
30403,39045
22723,39008
23110,39035
35648,38939
29276,38886
32324,38923
21761,38936
26986,38920
21703,38929
22063,38915
30562,38931
26305,38888
32741,38923
23765,38892
23455,38936
22627,38938
23433,38886
21076,38837
25121,38869
22413,38841
27247,38838
29025,38759
20915,38754
25805,38755
27138,38787
27038,38740
22047,38736
26978,38718
25919,38691
22472,38701
25217,38697
26369,38715
29031,38722
23226,38679
22799,38656
28135,38674
23723,38647
21513,38560
23100,38571
30556,38584
31603,38583
33634,38603
29474,38566
24392,38580
23041,38551
22415,38549
21216,38552
24399,38457
25864,38456
21301,38473
23060,38478
21110,38492
34464,38467
23231,38432
25647,38422
23558,38414
23867,38448
28151,38367
28152,38311
28478,38368
22428,38326
32722,38362
23778,38366
27360,38356
32140,38344
20984,38326
21340,38354
25340,38322
32533,38358
22278,38295
25223,38242
22300,38281
25301,38283
27330,38282
22248,38265
20654,38262
21938,38242
26339,38295
28294,38272
29452,38293
20686,38295
29357,38285
22860,38296
28510,38256
22017,38250
30516,38185
26272,38220
22604,38105
24311,38113
27362,38115
27350,38078
27200,38050
22021,38071
26984,38066
22867,38025
20634,38017
31614,38007
25283,38001
22448,38020
32292,38042
26335,38001
21236,38010
34453,38010
25215,38053
26475,37999
22298,38055
24439,38002
30468,37949
22757,37979
24902,37959
21129,37887
25909,37871
22292,37898
27134,37889
25037,37899
24018,37902
21807,37799
29632,37810
26481,37812
21826,37799
28359,37854
28537,37818
24441,37801
35744,37798
20684,37758
21274,37711
25314,37717
23876,37667
29436,37659
22294,37682
31227,37668
23407,37650
24929,37634
21996,37657
27139,37656
22364,37635
22441,37600
22196,37602
26217,37541
23054,37490
23165,37519
21104,37528
25221,37499
22015,37490
21116,37484
20544,37414
22117,37459
23707,37420
21106,37412
22498,37413
20245,37383
24283,37359
31452,37369
19975,37384
20370,37293
20654,37330
24652,37345
24144,37311
30422,37334
34414,37303
28132,37341
23991,37285
26488,37280
19921,37285
30460,37335
23211,37214
31206,37258
19411,37274
21411,37264
20433,37248
23480,37231
22948,37262
26361,37259
28519,37213
23133,37262
20294,37244
35656,37241
27175,37216
23973,37272
24927,37233
22253,37208
22032,37167
25907,37147
24848,37159
22754,37159
24869,37212
21504,37150
20703,37173
20857,37154
22478,37180
22990,37170
27043,37129
25349,37153
21138,37149
19214,37073
21429,37094
29291,37054
29526,36986
20125,36982
34235,36996
29350,37017
19611,37039
25421,36996
22741,36994
19098,37013
35682,37004
23849,37007
28117,37030
25184,37004
19682,36981
29507,37025
22963,37009
23981,36981
20305,37040
28150,36999
27103,36979
19683,37026
22325,36934
31595,36937
21247,36955
24432,36961
30632,36942
21226,36957
19147,36961
26466,36962
19277,36877
23715,36883
28565,36803
29505,36822
31221,36794
21143,36819
29649,36839
22289,36749
20595,36757
21301,36764
19887,36693
28373,36700
30494,36674
19196,36672
22116,36645
18782,36654
18995,36654
21823,36616
24343,36557
19241,36559
29186,36546
19892,36553
20748,36515
22806,36511
18592,36525
25244,36524
20206,36506
28179,36411
31605,36441
23782,36451
23110,36405
30393,36438
26403,36407
20506,36425
21207,36390
24154,36391
18867,36366
21677,36335
21027,36382
27154,36358
19734,36390
18857,36324
20538,36332
20288,36298
25439,36280
22705,36324
19107,36268
23078,36329
24954,36312
19019,36282
27035,36318
22849,36304
21827,36312
19280,36270
23984,36280
24930,36297
19668,36289
23852,36273
20074,36267
23131,36289
19689,36242
19047,36258
20359,36269
21201,36263
24858,36244
24111,36245
21465,36271
23475,36242
26218,36227
29213,36210
18705,36216
25231,36163
21935,36213
19076,36166
34243,36138
34621,36155
19679,36093
24870,36093
18534,36149
18791,36115
18606,36136
27228,35960
21202,35986
26526,35994
19245,35997
20515,35979
20816,36010
20918,35972
23866,35996
19959,36007
27188,35960
31223,35996
19082,35979
21449,35988
20544,35958
19786,35976
19111,35983
24160,35969
28572,35966
18567,35907
21827,35895
20633,35926
20744,35898
30443,35952
23799,35924
19837,35940
25460,35835
20722,35823
23124,35845
18752,35856
19202,35840
24342,35756
20220,35761
24151,35769
20950,35789
20336,35804
22843,35761
21804,35802
19678,35750
18712,35804
27515,35708
21196,35690
26446,35587
19912,35598
28169,35568
19368,35565
17626,35542
18595,35547
25027,35539
18889,35501
20332,35475
18028,35438
18962,35405
18340,35404
23866,35405
20990,35409
25226,35434
25447,35419
21460,35376
19988,35363
19199,35342
20471,35368
18034,35255
25931,35268
17954,35248
27240,35304
25244,35246
21947,35271
18066,35306
19702,35283
20803,35273
24973,35248
25219,35264
17763,35223
17317,35266
20781,35242
33633,35215
23749,35273
20749,35216
18650,35234
21855,35231
28581,35276
17776,35226
33657,35226
22025,35250
33634,35225
17770,35239
22174,35228
23851,35136
21368,35160
25969,35177
23800,35155
19155,35141
22173,35119
18573,35131
20619,35141
17277,35147
21104,35130
20418,34999
22140,34933
24150,34959
20115,34995
20512,34970
21488,34976
17895,34944
25953,34961
19852,34974
22096,34985
22376,34958
17669,34961
22049,34936
18386,34966
23043,34956
18416,34981
17125,34930
24280,34994
27229,34937
20669,34934
24956,34899
24960,34902
20655,34931
26355,34910
23212,34944
21473,34894
26323,34934
17061,34917
20427,34820
21676,34825
19869,34808
28163,34789
21408,34763
26410,34805
20821,34753
19125,34770
23456,34784
17281,34814
23727,34763
21496,34807
23898,34722
25442,34693
24410,34714
19153,34707
21821,34727
31206,34687
18223,34743
19568,34598
21826,34538
24174,34523
23752,34497
17347,34508
16602,34531
18866,34534
21683,34523
18873,34466
17654,34470
22970,34365
16912,34402
18377,34403
21734,34415
18740,34398
19831,34394
19151,34362
24917,34370
24938,34328
16654,34329
19600,34373
21940,34345
17432,34375
18487,34373
18887,34359
22407,34243
18727,34233
25411,34237
25006,34286
17732,34250
21805,34279
24321,34271
25215,34269
20689,34237
20087,34242
26443,34274
18640,34266
17255,34261
18450,34176
28126,34221
20724,34193
22092,34161
18268,34219
16691,34193
26188,34178
22415,34224
16625,34178
20358,34222
29621,34163
23833,34192
22410,34187
20826,34162
18852,34215
22146,34161
21299,34225
21231,34158
20462,34138
17859,34128
22269,34118
17270,34151
24352,34154
18872,34139
23181,34158
25231,34022
16473,34042
16789,33996
17572,33919
25439,33953
19182,33919
20148,33976
27541,33966
17016,33925
22761,33915
17575,33945
18370,33973
31240,33974
16897,33972
22274,33917
22336,33919
18007,33941
22276,33943
16940,33941
16482,33936
20173,33911
19646,33893
25230,33785
17494,33789
18460,33836
22198,33754
29638,33753
16075,33770
22992,33772
16466,33742
17816,33757
15986,33724
27180,33743
16942,33734
16779,33748
17892,33665
24187,33657
24188,33680
21199,33671
19078,33686
21363,33710
21007,33665
19581,33711
22391,33690
26326,33672
17226,33638
24390,33630
20078,33674
17821,33676
16180,33569
22936,33497
26407,33495
16697,33425
23801,33470
18601,33417
16445,33418
22246,33413
26410,33430
21714,33352
16419,33363
15931,33410
19092,33297
28133,33291
21695,33285
15888,33347
17828,33324
17269,33342
18004,33322
18860,33274
17550,33247
20253,33268
18843,33282
18465,33249
18401,33260
18509,33253
31217,33240
20120,33272
20165,33270
16528,33245
16492,33264
18681,33160
15282,33193
17627,33170
16776,33192
19571,33210
15880,33210
17530,33153
18612,33156
21701,33155
19624,33191
16416,33124
17061,33145
18594,33129
27563,33121
18910,33173
15373,33118
18875,33129
16773,33173
25962,33156
18603,33077
24946,33065
20823,32987
15521,32928
18586,32961
16375,32924
26197,32929
17427,32980
25237,32951
18067,32967
15446,32931
17879,32958
15942,32962
16218,32978
20182,32970
19590,32939
17171,32946
25009,32935
16586,32956
16218,32942
31213,32894
17057,32824
29588,32732
25244,32769
20974,32776
15603,32722
22999,32776
14993,32748
18256,32780
20245,32779
21147,32757
17389,32669
15645,32650
17990,32663
16816,32700
18292,32706
15143,32686
16403,32712
23999,32675
14871,32698
21389,32690
27541,32706
19868,32715
17620,32715
20253,32706
16409,32637
14740,32643
18010,32646
16340,32600
15957,32643
15151,32634
16447,32542
19099,32573
18205,32545
26361,32569
17181,32491
18224,32528
17165,32510
19715,32543
22722,32430
17862,32421
17895,32424
24988,32446
18462,32479
16488,32368
16407,32367
15881,32398
24017,32403
24140,32351
16068,32408
16766,32291
21698,32285
21016,32327
18032,32347
29647,32302
16946,32341
14483,32323
19994,32280
15655,32277
20243,32257
21685,32244
20959,32276
17825,32246
15386,32238
16875,32236
15875,32223
16811,32229
15389,32273
23775,32185
16576,32210
15943,32218
14922,32164
16370,32168
26255,32193
18410,32216
16690,32208
17589,32174
28170,32167
16435,32156
18215,32175
17163,32160
17151,32173
17626,32126
26224,32108
14755,32119
15611,32006
17447,31997
26296,31980
15847,31984
16514,31969
20701,31958
21979,31977
21185,31973
14957,31929
21248,31929
15167,31942
14918,31899
19570,31884
14568,31867
14659,31872
15482,31858
16614,31875
14306,31867
19743,31880
14822,31859
16093,31875
20948,31909
22716,31848
14673,31853
17691,31890
20707,31863
14888,31906
14125,31805
17597,31844
15581,31810
16664,31799
19715,31819
14080,31813
16102,31810
16525,31786
14747,31809
17084,31806
19847,31822
16611,31758
16703,31767
16138,31750
16676,31735
20909,31778
16820,31737
14801,31674
17497,31665
13775,31670
16866,31698
14554,31720
14552,31676
18521,31704
18189,31687
22984,31718
17538,31670
16583,31673
13824,31599
17493,31628
19107,31634
21250,31645
13704,31629
20969,31599
18207,31572
16006,31584
14736,31573
15329,31545
13823,31489
16828,31515
15687,31468
16532,31438
19989,31396
16379,31450
14217,31419
15738,31343
20239,31330
15956,31360
15631,31379
18055,31285
13568,31300
15471,31249
18226,31250
16628,31262
15924,31225
17483,31245
13604,31204
15655,31186
16464,31199
15643,31196
14367,31199
14613,31149
26269,31188
15524,31106
15829,31112
13928,31122
15613,31071
16380,31118
19174,31086
14752,31073
14003,31088
13713,31079
18093,31094
15021,31077
20959,31044
16807,31044
24169,31026
16843,31008
15230,31035
21714,31028
15619,31016
13805,31060
17942,31049
21730,30977
17106,30963
20675,30992
16014,30969
19156,30993
14097,30952
14824,30938
14078,31001
13638,30955
13673,30991
14618,30938
24144,30985
14685,30984
17806,30959
18551,30898
13163,30897
13938,30887
15514,30881
15023,30931
13447,30933
17072,30886
14487,30916
14144,30839
14494,30821
15198,30844
15177,30872
13765,30826
20188,30762
13210,30774
22721,30779
15389,30751
15904,30753
18575,30789
14900,30671
18496,30717
19982,30667
13235,30625
14733,30623
15200,30626
16952,30637
20091,30606
15449,30664
14948,30646
15139,30646
17366,30651
15126,30637
13900,30625
23763,30622
14896,30643
14762,30607
18627,30612
23001,30627
16608,30621
13604,30583
15692,30597
12808,30633
18468,30600
16826,30582
16280,30558
20942,30547
15653,30553
16515,30566
12725,30532
15636,30449
17055,30373
12779,30432
13171,30384
13618,30324
13843,30321
20707,30375
17681,30261
16079,30259
17980,30237
19991,30180
15594,30221
17408,30214
13849,30211
13444,30212
13381,30225
13050,30200
12716,30189
15595,30148
22098,30120
14298,30132
13912,30141
16129,30172
19188,30113
14103,30153
12853,30173
14376,30136
16226,30143
15173,30161
19573,30061
15010,30095
12593,30076
14662,30067
15206,30059
13776,30075
12263,30084
15121,30040
13453,30083
17420,30047
14166,30080
14565,30063
12685,30099
14806,30032
14191,30003
12153,30014
18192,30019
15691,30006
13251,29982
16933,29987
15695,29967
16891,29945
20170,29971
13889,29976
14133,29988
13557,29932
14586,29885
20265,29895
22087,29914
16532,29878
14953,29917
14395,29900
12432,29888
14144,29907
12380,29885
15102,29808
13379,29822
19836,29809
18191,29870
15045,29808
15195,29857
16370,29842
14607,29817
15759,29809
12620,29857
17809,29826
12753,29765
15590,29768
17421,29753
13627,29769
15453,29755
13711,29760
18036,29799
13143,29758
20694,29789
15708,29795
13084,29762
13176,29771
16952,29726
11905,29692
19101,29735
13018,29654
12245,29668
15319,29671
13969,29641
12716,29638
12182,29658
14011,29613
11809,29653
16891,29620
15679,29610
13389,29545
13886,29554
11917,29572
15832,29542
15785,29598
15387,29581
12319,29560
14558,29543
11853,29509
22984,29530
13095,29469
12879,29470
21246,29518
16104,29480
15955,29516
14139,29514
19990,29531
13372,29492
12047,29486
16919,29403
20684,29413
21991,29462
16780,29464
14778,29424
15031,29450
15300,29407
14624,29434
15803,29349
12701,29353
15587,29365
13434,29343
15467,29369
19094,29349
14616,29360
15218,29358
16786,29364
13704,29296
15535,29241
12320,29269
16932,29247
13648,29306
11964,29284
15487,29170
15288,29214
23724,29182
16384,29126
16497,29140
11675,29135
12139,29109
14404,29141
17182,29128
13860,29143
18590,29111
12752,29131
11806,29111
13433,29063
13281,29082
13549,29035
11418,29060
17095,29092
15115,29044
13586,29079
15479,29085
14301,29028
12132,28984
14829,29006
13825,28995
15118,28988
16797,28932
15366,28940
12953,28908
12793,28970
11899,28920
13628,28917
17380,28861
12716,28838
11302,28896
16619,28886
11156,28770
23168,28780
11691,28832
14081,28776
22942,28793
12032,28791
12135,28829
15574,28768
12629,28823
11554,28829
11824,28823
14184,28808
14978,28777
10915,28777
19109,28758
16612,28765
13958,28802
13706,28805
16177,28753
15307,28688
11633,28709
16597,28674
11424,28665
20143,28628
17405,28631
11965,28659
14197,28672
11558,28619
10873,28672
14305,28638
17230,28626
11799,28625
16123,28586
19850,28600
12395,28545
12924,28513
19609,28513
11699,28506
15502,28512
15682,28482
17423,28501
11547,28523
15953,28474
21969,28478
18661,28479
12040,28479
15366,28533
10965,28490
12404,28483
10626,28419
21983,28445
15311,28469
20713,28435
22990,28451
15110,28354
12336,28369
13059,28366
16885,28308
13915,28319
10380,28275
15222,28217
12571,28145
11127,28161
11824,28168
15941,28162
16784,28154
17466,28151
14226,28159
15930,28146
15982,28109
14742,28038
16806,28024
18618,28028
12832,28006
14206,28049
13909,27975
13382,27983
12144,27950
23136,27942
23709,27937
13418,27962
12437,27954
12459,27995
13036,27998
22717,27938
16203,27952
10325,27953
13319,27913
14410,27917
12729,27894
10519,27900
15365,27881
20158,27917
13469,27872
13100,27850
11120,27843
10591,27850
10589,27827
15572,27788
16808,27759
13689,27759
19106,27787
11381,27778
17418,27762
13198,27773
16547,27775
10307,27747
18082,27735
17727,27690
9972,27675
13942,27685
14637,27691
9894,27704
11115,27719
14913,27709
10406,27699
12631,27646
14487,27637
23200,27620
12576,27568
19613,27621
15751,27600
12236,27580
13152,27586
21288,27631
18565,27630
10436,27615
17940,27578
12901,27604
12413,27554
11634,27561
12268,27531
9771,27538
11247,27442
11487,27472
15191,27462
14806,27452
18064,27462
18076,27457
14865,27448
13284,27473
15368,27457
13927,27489
17103,27450
19969,27463
16098,27458
10703,27435
13922,27493
15155,27380
10812,27416
16623,27409
14106,27417
11082,27395
15153,27373
10386,27322
13065,27354
9700,27313
17686,27341
10948,27329
14282,27268
23752,27276
11886,27282
12521,27290
11758,27269
18040,27187
12652,27184
14598,27203
18579,27176
21241,27203
9481,27082
10396,27038
12031,27070
17107,27072
11959,27005
18204,27016
11616,27019
12522,27027
9803,27016
18603,27014
20146,26996
15781,26946
13304,26971
14063,26991
15795,26951
14571,26983
12541,26912
12374,26879
14936,26927
12537,26892
11177,26831
10658,26864
17672,26823
11849,26806
12708,26830
11852,26847
9324,26854
16029,26861
10972,26822
11717,26843
13946,26753
14284,26804
10742,26774
13969,26768
17048,26789
16257,26795
13637,26771
12716,26794
11904,26779
12133,26752
14991,26677
9802,26710
12416,26619
16077,26615
13710,26656
11815,26655
15762,26613
10807,26593
14785,26553
17979,26580
11659,26584
11390,26550
15564,26568
10326,26536
12910,26584
9565,26589
10529,26548
15973,26594
14414,26505
11181,26483
11993,26522
15751,26520
13180,26531
9557,26505
9277,26509
10729,26507
18531,26432
12882,26430
14752,26434
16837,26457
11656,26411
10742,26430
11195,26448
12667,26461
10923,26443
21954,26416
10749,26391
13788,26432
8932,26367
8956,26428
15744,26415
16209,26379
13843,26330
17581,26323
13529,26283
12167,26249
12043,26301
21943,26261
9209,26176
22746,26194
12939,26234
13674,26187
12637,26233
11777,26197
9720,26207
17948,26223
13171,26166
13920,26135
13391,26057
13053,26044
15765,26037
21264,26085
12604,26054
10702,26079
10524,26002
11061,26009
8376,26000
14939,25989
11613,26004
13355,26024
14753,25987
17724,26005
19586,26001
13312,25904
14372,25930
14939,25907
12051,25939
12387,25965
9987,25910
8772,25886
8160,25876
9867,25902
14685,25878
12823,25884
15919,25803
9339,25752
11932,25742
9040,25769
12597,25786
16139,25762
10178,25748
11931,25738
8365,25734
8099,25765
8380,25770
11963,25788
15330,25776
9383,25688
13354,25675
10814,25722
14935,25698
10854,25674
12459,25732
11547,25677
9102,25728
14540,25628
8174,25546
13960,25570
20008,25601
9537,25585
14425,25567
16790,25538
13329,25596
7709,25589
17130,25592
12105,25538
11413,25544
9320,25477
13058,25513
11946,25499
12037,25471
8880,25507
10076,25507
14421,25501
13220,25434
13196,25443
11105,25429
11776,25447
21290,25413
15588,25455
18687,25428
15646,25412
10958,25467
13723,25364
13873,25363
15584,25377
7734,25352
11555,25367
9395,25351
18572,25354
17428,25300
9705,25338
10196,25288
18594,25314
19566,25313
15642,25312
14811,25279
10985,25247
14886,25238
9852,25261
16229,25268
17838,25225
16223,25225
14791,25237
10374,25200
9915,25173
17381,25187
18049,25178
10545,25183
7690,25182
14932,25222
7866,25209
14090,25189
9783,25174
8357,25174
16912,25232
23712,25212
9352,25179
18043,25226
9577,25145
10499,25124
14868,25053
12999,24989
10961,25034
12150,24975
15384,25019
18506,24997
11176,24968
8846,24953
9501,24978
11997,24936
12307,24965
12156,24970
10729,24864
10799,24845
18570,24860
10456,24882
17456,24899
9101,24843
7658,24814
11231,24835
11329,24803
13387,24795
10600,24832
11013,24782
15568,24728
9787,24738
8519,24735
9390,24769
11433,24762
11232,24751
8240,24766
10661,24722
13022,24741
10222,24761
15643,24758
12478,24757
10948,24708
10639,24694
10463,24655
11933,24638
7489,24641
10141,24644
8709,24644
10498,24640
15654,24638
15397,24646
9457,24702
15986,24664
10374,24674
13768,24673
9715,24628
10292,24631
9642,24672
10840,24667
12357,24575
10957,24582
13748,24580
15447,24571
11632,24586
13417,24583
14128,24592
7254,24588
6953,24562
21289,24572
10290,24564
13770,24515
12037,24514
11127,24513
16790,24515
14146,24517
11547,24535
13363,24432
9602,24452
7423,24442
7573,24449
13364,24448
10990,24411
10929,24366
9547,24388
6801,24368
8339,24350
19143,24321
11464,24269
20002,24221
7974,24249
15467,24247
11022,24256
15493,24195
8455,24144
8240,24170
18190,24154
10845,24159
13180,24152
8572,24189
9464,24198
10533,24183
9930,24135
10622,24104
14520,24158
6498,24166
8356,24120
10501,24031
6179,24024
12298,23927
10458,23949
14942,23955
16107,23927
15275,23890
11140,23842
18526,23893
10513,23882
8775,23873
8421,23796
13347,23781
15911,23778
13398,23816
11763,23708
10673,23738
7183,23733
9234,23717
11501,23700
11310,23653
19617,23639
11376,23696
15283,23645
17088,23699
7492,23682
11023,23634
11599,23577
10400,23611
12713,23629
14476,23596
12702,23575
7949,23595
9655,23620
9752,23603
11638,23525
8751,23568
8535,23534
17423,23511
12325,23532
18583,23551
8669,23543
8153,23562
10743,23482
9152,23462
9606,23504
13893,23503
8241,23471
10996,23477
10056,23505
13411,23455
10252,23458
14601,23473
13357,23455
13302,23438
9653,23409
10686,23355
14793,23345
18563,23367
11301,23378
12769,23365
17079,23356
7045,23348
15421,23375
9921,23393
14768,23284
16545,23309
12117,23318
14756,23333
8647,23321
21253,23294
6125,23329
13646,23273
13197,23242
14012,23205
9581,23239
12826,23224
15655,23204
9215,23245
15448,23261
13673,23259
13757,23216
16834,23146
9338,23195
16952,23183
14788,23188
11430,23151
9876,23162
10639,23183
14466,23166
10162,23125
9005,23114
11497,23108
9670,23079
10034,23100
7774,23136
15404,23072
12236,23034
10023,23048
9498,23030
7778,23015
13614,23026
15664,23058
18554,23048
15646,23059
12750,22972
5924,22979
11315,22986
11712,22914
13632,22879
6333,22890
15910,22932
10350,22904
7126,22879
10646,22892
14248,22846
12385,22880
13433,22870
16114,22897
14558,22874
9654,22855
12979,22885
6407,22830
5467,22823
10112,22784
13982,22720
8666,22763
7447,22720
13973,22750
8491,22711
9012,22724
18520,22658
11645,22667
11609,22692
13631,22579
10284,22559
14966,22560
10870,22534
11057,22543
19626,22545
14262,22520
14437,22503
15654,22523
16143,22518
13778,22471
12882,22504
16221,22447
7096,22456
14611,22467
11386,22486
9568,22478
12625,22493
5922,22497
9130,22452
5001,22496
9971,22428
10805,22383
18593,22326
14554,22350
14955,22363
5391,22367
9592,22352
15759,22305
9988,22325
9932,22259
10451,22184
18553,22203
14559,22196
10547,22233
16547,22217
4891,22229
10825,22213
13382,22179
13279,22148
11189,22172
12658,22147
6604,22185
10188,22190
8988,22143
12974,22174
12837,22166
12131,22145
16892,22106
15522,22090
10904,22023
10855,22017
12854,22019
15302,22054
11029,22062
14134,22067
15829,22061
16561,22010
12626,21989
10311,21997
12341,21988
13895,21978
7078,21958
10193,21916
11119,21920
14937,21877
6703,21901
14357,21907
12832,21823
14965,21851
18639,21842
9223,21813
13388,21819
11051,21828
10464,21833
13984,21837
10479,21861
15439,21807
12760,21743
11557,21755
12380,21777
14788,21754
6919,21687
9586,21701
10692,21673
9391,21696
9291,21689
17804,21682
5726,21708
11565,21686
11159,21632
6622,21568
7143,21557
12708,21588
12735,21498
13721,21488
13271,21501
10840,21469
11680,21493
9268,21408
14477,21405
10321,21458
18678,21414
12196,21441
14780,21456
9087,21436
14320,21407
11486,21433
6617,21446
15401,21464
10849,21372
11613,21432
14393,21416
9804,21395
12266,21326
12271,21349
9906,21306
10341,21361
17568,21313
12788,21344
9499,21320
14331,21283
11161,21219
12702,21218
14304,21175
12115,21208
13258,21146
6575,21150
11893,21108
12776,21129
11816,21124
12628,21157
15367,21157
11243,21133
10238,21154
10062,21112
16350,21063
12816,21071
12498,21052
16947,21102
10929,21043
12250,21091
13010,21025
5596,20993
18573,21012
9796,21004
11686,20997
10153,20991
9501,20999
9155,21014
15289,20994
12594,20992
13686,20996
6936,21013
18098,20970
12485,20848
14251,20849
15728,20895
11784,20851
9358,20784
9422,20797
9485,20811
11308,20782
17579,20805
16936,20776
3146,20791
13735,20798
14290,20779
17804,20760
18517,20754
16927,20706
9044,20703
11456,20759
9974,20675
11655,20702
12139,20729
9401,20682
12163,20667
11045,20718
12904,20669
9944,20672
12889,20696
11390,20689
13264,20711
12525,20726
11765,20540
9898,20502
7145,20515
9985,20500
11461,20502
14517,20469
15831,20481
10668,20471
13059,20527
11622,20486
14381,20522
16399,20408
11487,20417
11614,20452
9392,20463
17594,20417
11422,20469
8643,20418
16561,20410
9210,20437
11388,20423
16394,20458
16562,20415
15640,20360
16577,20360
14538,20329
11682,20288
4556,20273
9585,20280
15729,20329
11201,20246
13035,20234
11125,20208
10323,20251
15304,20196
15520,20142
3146,20179
8969,20198
18080,20149
17094,20194
7744,20115
3907,20115
11497,20103
13284,20130
16176,20019
14255,19978
10081,20017
13676,19969
14302,20028
9613,20026
16352,20008
12824,20017
12881,19934
9553,19919
16015,19900
11111,19929
12252,19934
13026,19932
11265,19956
16931,19932
15981,19908
16338,19957
15470,19876
10361,19866
11303,19858
6703,19889
15610,19870
10737,19819
10910,19791
9910,19776
13250,19781
4613,19717
17082,19706
9896,19721
11635,19729
14264,19745
9995,19738
12488,19726
9585,19682
13081,19637
11107,19680
18598,19634
13183,19680
14260,19611
15506,19629
15750,19622
12386,19596
16561,19592
12913,19622
13278,19579
9908,19601
16553,19525
11719,19558
4541,19455
10920,19491
6726,19444
10022,19435
12220,19454
11417,19408
13191,19441
11443,19422
7012,19450
17547,19359
11070,19341
18073,19369
14294,19367
15435,19394
11326,19385
12384,19349
2941,19381
10790,19379
12850,19273
8616,19317
12128,19328
12147,19232
9079,19235
15732,19238
11854,19244
17073,19210
10765,19200
11888,19234
11299,19214
11756,19176
10133,19149
15749,19187
10327,19169
9622,19095
11302,19085
15801,19127
11957,19095
7101,19122
12279,19112
13098,19029
11733,18998
12494,18938
12321,18995
11268,18997
10308,18964
13066,18959
13168,18940
16534,18966
14775,18953
10776,18941
10740,18872
11887,18880
14310,18918
16023,18902
8985,18870
12257,18852
11907,18863
12549,18840
14157,18862
9535,18883
10056,18819
10112,18701
14291,18736
8651,18762
11290,18740
15805,18743
14262,18653
2120,18661
17078,18693
14146,18647
14294,18573
9525,18602
17065,18613
11314,18581
10089,18629
13678,18459
10767,18419
14157,18411
11358,18408
10124,18391
14779,18367
16592,18414
15982,18371
10351,18426
12832,18405
10735,18428
16586,18370
17042,18350
11885,18307
16564,18342
9927,18356
14111,18335
9749,18346
11947,18334
14751,18198
9027,18217
12890,18156
12228,18137
12542,18167
11128,18068
14300,18095
11087,18085
15488,18080
13704,18051
11706,17913
12555,17921
15808,17918
14332,17909
11962,17916
11872,17895
9558,17890
15436,17893
9551,17865
12316,17838
14328,17710
11506,17624
8639,17640
15816,17577
15787,17551
10886,17596
14314,17552
9922,17543
8601,17594
12223,17564
15428,17483
11858,17435
15827,17442
11127,17450
12294,17401
11320,17384
8620,17412
11869,17394
10132,17395
11550,17315
11528,17298
11545,17304
11891,17324
11308,17335
9912,17332
11300,17252
12259,17262
12223,17269
11283,17255
12241,17270
11874,17257
11298,17278
11839,17238
9947,17229
11317,17219
15455,17217
11318,17228
15416,17116
11312,17052
11307,17039
679,100000
16560,100000
16537,100000
16574,100000
16576,100000
16550,100000
17097,100000
17047,100000
17079,100000
17069,100000
17035,100000
17054,100000
17071,100000
17076,100000
17566,100000
17565,100000
17566,100000
17565,100000
17538,100000
17566,100000
17586,100000
17549,100000
17593,100000
17551,100000
17584,100000
17570,100000
17597,100000
17560,100000
17820,100000
18071,100000
18044,100000
21287,100000
23736,100000
23721,100000
23724,100000
29630,100000
34632,100000
34673,100000
35716,100000
35775,100000
35741,100000
35729,100000
35734,100000
36673,100000
36672,100000
39550,100000
39644,100000
39845,100000
39858,100000
40826,100000
40809,100000
41829,100000
41812,100000
41825,100000
41901,100000
41894,100000
41864,100000
41862,100000
41863,100000
41913,100000
42267,100000
42282,100000
42248,100000
42874,100000
42858,100000
43729,100000
43945,100000
43896,100000
43882,100000
44128,100000
44128,100000
44116,100000
44113,100000
44115,100000
44127,100000
44255,100000
44280,100000
44269,100000
44228,100000
44230,100000
44985,100000
44998,100000
44997,100000
44997,100000
44992,100000
45253,100000
45245,100000
45225,100000
45226,100000
45279,100000
45244,100000
45238,100000
45260,100000
45954,100000
46012,100000
46061,100000
46142,100000
46125,100000
46269,100000
46978,100000
46959,100000
46942,100000
46940,100000
46951,100000
47070,100000
47038,100000
47013,100000
47184,100000
47125,100000
47212,100000
47247,100000
47258,100000
47976,100000
47993,100000
47988,100000
47963,100000
48003,100000
48026,100000
48019,100000
48050,100000
48238,100000
48319,100000
48515,100000
48545,100000
49050,100000
49056,100000
49041,100000
49082,100000
49040,100000
49045,100000
49035,100000
49072,100000
49027,100000
49247,100000
49278,100000
49271,100000
49290,100000
49339,100000
50194,100000
50209,100000
50261,100000
50258,100000
50260,100000
50256,100000
50292,100000
50289,100000
50625,100000
50681,100000
50661,100000
50668,100000
51257,100000
51323,100000
51306,100000
51262,100000
51290,100000
51283,100000
51304,100000
51333,100000
51305,100000
51326,100000
51299,100000
51420,100000
51376,100000
51545,100000
51495,100000
51533,100000
51533,100000
51741,100000
51782,100000
51773,100000
52277,100000
52329,100000
52334,100000
52501,100000
52549,100000
52542,100000
52700,100000
52664,100000
52753,100000
52822,100000
52893,100000
53021,100000
53013,100000
53083,100000
53076,100000
53459,100000
53579,100000
53610,100000
53671,100000
53730,100000
53763,100000
53780,100000
53802,100000
53782,100000
53787,100000
53882,100000
53878,100000
53894,100000
53867,100000
53989,100000
54020,100000
54116,100000
54504,100000
54527,100000
54514,100000
54854,100000
54911,100000
54918,100000
54913,100000
54932,100000
55115,100000
55161,100000
55650,100000
55593,100000
55624,100000
55641,100000
55681,100000
55690,100000
55732,100000
55889,100000
