49498,57919
42550,57798
39684,57689
50324,57624
41686,57634
38714,57609
43952,57610
49469,57582
54518,57569
52398,57561
42943,57560
45067,57537
40999,57504
50302,57530
45938,57509
45269,57439
43057,57426
54594,57415
40016,57419
49271,57431
43379,57453
39318,57429
52292,57362
46280,57397
45636,57388
45528,57372
48853,57353
46469,57384
43085,57366
48810,57324
46522,57339
42817,57343
48390,57344
42029,57356
50677,57331
39349,57335
54126,57323
46087,57360
43516,57317
54683,57367
52604,57336
51285,57350
40700,57367
50139,57255
52804,57299
46887,57267
44314,57258
49063,57247
40090,57270
40627,57263
40818,57249
40800,57300
44411,57291
54026,57268
40142,57242
41383,57291
42852,57275
40341,57301
45328,56970
42926,56656
42234,56616
38293,56598
40962,56524
41769,56570
42897,56520
39450,56502
38186,56488
40159,56521
54577,56495
51496,56490
39199,56505
43464,56497
49820,56528
48363,56422
41852,56475
48987,56451
48648,56465
46268,56476
39655,56432
40598,56423
45196,56379
46958,56378
51493,56355
45907,56387
42958,56379
52491,56383
51759,56334
39141,56282
54935,56340
43840,56325
47371,56287
50474,56288
43791,56327
37527,56330
40168,56321
53812,56322
39142,56294
45139,56287
39844,56342
51372,56292
51237,56256
39481,56265
38676,56279
43822,56258
55213,56243
42848,56261
51645,56265
37795,56219
47352,56272
41463,56256
44094,56236
46212,56274
37571,56265
47530,56274
43243,56281
46962,56269
53730,56222
38470,56229
47128,56229
39327,56192
42851,56198
44345,56210
42689,55863
37726,55631
45173,55617
53684,55547
53567,55544
37698,55511
38180,55460
36793,55461
50534,55480
41339,55517
45151,55496
53029,55519
37506,55393
50291,55448
45889,55445
41869,55419
36855,55387
37159,55447
46023,55432
38405,55356
48727,55358
48564,55347
40051,55361
51545,55356
44376,55328
45244,55291
48841,55286
38542,55307
38354,55276
43436,55276
42991,55273
48996,55258
42741,55258
41236,55266
42111,55318
43335,55301
40888,55261
48792,55242
49701,55204
40164,55234
36459,55248
38421,55239
39594,55239
42051,55221
38438,55194
52303,55198
45657,55199
45054,55224
36954,55245
40928,55211
40751,55194
43712,55254
44876,55220
37522,55139
39718,55122
36481,54990
39505,55006
51794,55033
41782,54989
41811,54992
40550,55015
44106,54990
51564,54886
43993,54888
43524,54763
48305,54547
39053,54463
40882,54487
36743,54481
46014,54407
48023,54398
37763,54399
40450,54383
43479,54374
44337,54336
38372,54308
47248,54361
40244,54323
36292,54322
35499,54306
47702,54350
48020,54332
36476,54317
38512,54291
43800,54298
46879,54287
44955,54320
43141,54317
43337,54315
39352,54275
37905,54294
38280,54281
40015,54300
36524,54281
50508,54316
51208,54299
44960,54268
47029,54277
37562,54284
38197,54273
49675,54204
40146,54249
41739,54223
36370,54226
39512,54211
37008,54228
36855,54254
41944,54224
36082,54193
38442,54244
48032,54210
35489,54207
36831,54236
41119,54200
38657,54252
40361,54242
44981,54226
39732,54096
37953,54081
49273,54081
52715,54105
36885,54043
37200,54001
43432,54026
49306,54043
37909,54043
44812,54011
36927,53865
38922,53683
41812,53737
43345,53733
40440,53735
51413,53734
34868,53700
35141,53722
37685,53726
43220,53711
45179,53653
39524,53586
38544,53589
35851,53568
43287,53581
42137,53420
42350,53434
48025,53461
35340,53394
41197,53355
46207,53340
37816,53313
45525,53353
34837,53305
40724,53313
35732,53303
40348,53265
42317,53233
39710,53283
43347,53241
41234,53245
48605,53287
45400,53183
37671,53197
45030,53207
34903,53187
37530,53200
50210,53196
36045,53207
40760,53192
45235,53175
35346,53214
38572,53167
36050,53185
36768,53200
41427,53198
51305,53172
35814,53168
38346,53122
37202,53097
36698,53132
38670,53146
50400,53134
43757,53152
51275,53108
46476,53153
49077,53120
43508,53146
42760,53149
46425,53128
35587,53097
46968,53118
37148,53153
39052,53136
45457,53141
38026,53144
36323,53132
46977,53041
34602,53075
35328,53070
41851,53040
48018,53075
50284,53034
35506,53066
39722,53070
46376,53032
39531,53042
34162,53034
45279,53071
36522,53050
42199,53076
46186,53029
34414,53021
45019,53017
42193,53037
49053,53012
41026,52994
47626,53036
41329,52973
38923,52936
40875,52923
35734,52970
40560,52946
37298,52927
50275,52922
43209,52851
43458,52869
48605,52881
39739,52795
38436,52829
42041,52787
33911,52786
35808,52799
36833,52794
36845,52781
47479,52817
39257,52817
37489,52799
41734,52832
33954,52794
45405,52802
44137,52786
36373,52721
34792,52746
38659,52764
41136,52730
37033,52722
35319,52740
37671,52682
37592,52704
36715,52673
35834,52726
37989,52716
38037,52721
51299,52725
39809,52700
35112,52677
35903,52668
34491,52671
43932,52670
45207,52680
43474,52611
37246,52598
38451,52630
34927,52640
39660,52598
34671,52604
38593,52644
43265,52644
45016,52556
38997,52562
37778,52523
44267,52581
35492,52553
45884,52582
36591,52550
38793,52546
41036,52559
38542,52528
42809,52551
46064,52546
37227,52497
36145,52502
40609,52486
41760,52509
37785,52523
37289,52503
34516,52546
40832,52508
36081,52532
34586,52506
41347,52511
38989,52541
37961,52537
38565,52549
33875,52472
41079,52490
37264,52470
46426,52427
36621,52458
33742,52434
36571,52474
34765,52490
47645,52469
50684,52446
46087,52446
34923,52484
41154,52368
48053,52354
34498,52350
42860,52355
35968,52377
47540,52377
36808,52370
37294,52395
39796,52317
43273,52323
45237,52289
40981,52288
41692,52280
33363,52309
35875,52295
34753,52313
46957,52238
42867,52229
35679,52221
49638,52224
37895,52265
39543,52243
47299,52271
33701,52237
48134,52276
44445,52259
37523,52237
35764,52250
38058,52223
35107,52220
44837,52163
49303,52106
37181,52127
35418,52076
38562,52069
50916,52121
49051,52129
37105,52075
45218,52082
33410,52078
35021,52100
47271,52070
33912,52113
45097,52067
33563,52094
39521,52081
35953,52115
46986,52088
48022,52107
48285,52127
39345,52112
37149,52054
41053,52053
40553,52040
35620,52020
40036,52006
35301,52012
46150,52035
36809,52043
48144,52017
48638,52052
43500,51953
49214,51951
38681,51982
42207,51997
37428,51956
34042,51957
37474,51990
44357,51945
36830,51968
35456,51908
35382,51872
40949,51895
43846,51894
34296,51886
39934,51888
33484,51883
50215,51811
50755,51809
34700,51814
46971,51809
37361,51816
48024,51760
33385,51788
41875,51778
45140,51775
42348,51771
43813,51751
48223,51805
38155,51799
44286,51740
41738,51726
48571,51732
37537,51648
45017,51679
38890,51651
36280,51666
39158,51678
37324,51662
43311,51626
39849,51650
33490,51666
32881,51639
39546,51643
39046,51684
34758,51516
40621,51498
39995,51539
45144,51476
37425,51486
48512,51502
33515,51496
41175,51492
49003,51504
32822,51447
36679,51409
45924,51420
40797,51401
34362,51377
38946,51420
47432,51362
32793,51365
48316,51382
32910,51363
41004,51422
46138,51412
45176,51364
40054,51294
38999,51313
49208,51311
33303,51330
35768,51303
47235,51322
38775,51291
39218,51297
33134,51294
47229,51275
40481,51279
40691,51312
43382,51311
39985,51236
48303,51222
41455,51231
38026,51224
32597,51236
40082,51255
43920,51257
38478,51248
45250,51226
38162,51137
33899,51171
32961,51142
33617,51099
37038,51125
49278,51110
35442,51075
39021,51066
49169,51067
33378,51062
46053,51088
38039,51091
32947,51062
40593,51124
32752,51111
38720,51065
33033,51067
36628,51102
35130,51069
47030,51104
32736,50998
32563,51038
38976,50992
35499,51024
41181,51013
42618,51006
38792,51014
34386,51006
49398,51020
32389,51008
37772,50991
35503,51011
34705,51036
33628,50980
44893,51012
40152,50930
41333,50936
44283,50957
41195,50918
40889,50935
45823,50921
32215,50968
45014,50955
38082,50966
38124,50927
42734,50923
44797,50963
46230,50958
36439,50955
43374,50946
42665,50932
41885,50924
33526,50858
49203,50872
36287,50871
41179,50795
37559,50755
37746,50782
47255,50730
49202,50769
37678,50742
49067,50737
40913,50752
36526,50742
34369,50705
41303,50701
32277,50692
36937,50664
38819,50653
37987,50632
40911,50648
33727,50671
41357,50686
33659,50632
32293,50635
48329,50676
44316,50553
33763,50599
39658,50592
42266,50608
36289,50562
40850,50597
42730,50581
36268,50538
32720,50505
47533,50522
45408,50524
35276,50509
43774,50515
33596,50496
47261,50424
47317,50398
45027,50373
31617,50358
43460,50358
41574,50367
40545,50388
33679,50375
38019,50386
33111,50380
31989,50373
38644,50392
42399,50371
38435,50371
37281,50405
38817,50392
35113,50285
44593,50293
41723,50330
44237,50316
39859,50311
42326,50287
33755,50270
35503,50303
43088,50261
31337,50274
33399,50289
43875,50262
43391,50291
37711,50276
45800,50245
33716,50275
48205,50219
40564,50170
31806,50194
33656,50191
42418,50189
44122,50198
31350,50189
33090,50163
41214,50209
36061,50182
33706,50208
44097,50156
32621,50155
33107,50135
34491,50062
31667,50029
31629,50068
43328,50073
47974,50029
38005,50066
33972,50068
44311,50042
40185,50080
34623,50090
45151,50037
48047,50077
31766,50014
45130,50015
38986,50019
41557,50038
40811,50028
40259,50037
43896,50040
31896,50052
34593,50057
40620,49951
31504,49907
40984,49930
44126,49956
47209,49967
32979,49957
42331,49948
38840,49935
47361,49911
48555,49939
48056,49945
42344,49864
40656,49856
37809,49807
38217,49820
33351,49862
46244,49836
39624,49781
34467,49794
43233,49770
38482,49709
31955,49689
33686,49684
44913,49627
34884,49637
35655,49594
48476,49606
39632,49633
45063,49652
45804,49621
36531,49610
40157,49596
47966,49558
35008,49573
44133,49570
40165,49574
31445,49554
37592,49545
36689,49578
37640,49554
34696,49555
33774,49489
35130,49459
38069,49485
40553,49467
41578,49500
31356,49487
32504,49502
32104,49478
32275,49516
45019,49399
45975,49420
34815,49420
39196,49425
31881,49289
36425,49314
37682,49327
32608,49305
37656,49290
33681,49327
37495,49332
41716,49296
30670,49281
33961,49292
34809,49244
42905,49266
31706,49295
31468,49284
36414,49299
32183,49247
38834,49303
33544,49228
40634,49188
42423,49181
38552,49230
30943,49047
43222,49059
37427,49026
45414,49051
37745,49065
38853,49035
43871,49027
41862,49057
39810,49083
44750,49028
43749,49034
43273,49071
30345,49044
32693,48975
44238,48974
41828,49006
43305,48986
38066,48962
37423,48967
40571,48993
31339,48979
37960,48989
39264,48939
41279,48932
32454,48962
37667,48974
45382,48941
39995,48968
43111,48957
41891,48958
35099,48950
34720,48907
45845,48905
32237,48880
45971,48888
31400,48860
31225,48873
32724,48822
36643,48800
47554,48846
36408,48720
33411,48726
30223,48756
30765,48751
42710,48757
47267,48689
41731,48608
33035,48630
38870,48629
36096,48590
39154,48618
32851,48592
45927,48620
34528,48591
33617,48633
39889,48641
39762,48627
30081,48542
31980,48574
39224,48528
42931,48527
30574,48516
38801,48494
42787,48470
29971,48492
30243,48500
32942,48482
31634,48474
33943,48509
33118,48505
43893,48523
40706,48391
34766,48417
30373,48401
47317,48390
33160,48384
35635,48364
40897,48295
30536,48291
34544,48324
37145,48302
32854,48331
43722,48295
32229,48282
38830,48326
42124,48335
43789,48272
31697,48309
33660,48273
30765,48235
40601,48262
31215,48223
32764,48231
40245,48209
37802,48230
33904,48231
29877,48209
35271,48232
33593,48260
29932,48240
45241,48219
33750,48256
40992,48165
37001,48176
34478,48194
31492,48226
29396,48216
35359,48218
32572,48188
31917,48222
37928,48174
36426,47996
38796,48005
29341,48051
40804,48026
33611,48038
31415,47993
46151,47997
39688,48041
38038,48048
30192,48044
42879,48010
36141,48005
35576,48049
34279,48006
43774,48036
30556,48010
40152,48017
35030,47973
30190,47972
44834,47960
32936,47997
39667,48002
34013,47990
32683,47939
32340,47906
36657,47904
40823,47918
37014,47897
37689,47948
38535,47884
46132,47908
31804,47921
37814,47936
31214,47899
44237,47927
37719,47896
29561,47886
35795,47889
36411,47746
43714,47755
29814,47791
41548,47804
32112,47775
39485,47766
29381,47777
30554,47777
38649,47786
35316,47794
44335,47794
30162,47731
46233,47742
30094,47731
39498,47701
44261,47641
40778,47620
28776,47597
36682,47587
39186,47618
40529,47597
33634,47646
30695,47631
31397,47628
30514,47620
39837,47607
40847,47552
38561,47544
30630,47560
36418,47557
40823,47469
40518,47473
44823,47443
33743,47471
38692,47482
36076,47474
35590,47484
38090,47484
44955,47443
29703,47459
46200,47461
31433,47482
36762,47432
40796,47450
37100,47485
31767,47360
41298,47406
36290,47387
42805,47388
33499,47422
31233,47414
40788,47410
37748,47405
32546,47355
29000,47365
37793,47261
44383,47263
32622,47284
29169,47299
29173,47272
29680,47250
40787,47256
29120,47229
34598,47224
39759,47230
29600,47268
30079,47214
30520,47250
34045,47254
36543,47266
30568,47252
39258,47255
28470,47208
29501,47228
29182,47228
40517,47224
42264,47257
36783,47133
28665,47145
43108,47131
40208,47163
34070,47172
45805,47139
36116,47131
30133,47138
37804,47150
38055,47171
31980,47173
37114,47056
28977,47051
42305,47015
35005,47038
28909,47018
30472,47044
45219,47042
36699,47028
38779,47025
42694,47044
36705,47050
39198,47063
30853,47034
36628,47065
31529,47052
37604,47028
33068,47023
30542,47035
32709,47074
45391,47011
45926,47022
44821,47043
30054,46986
35303,46942
28136,46982
33656,46962
36759,46955
29026,46958
36720,46963
43887,46981
45811,46959
28374,46951
32668,46964
28735,46958
33749,46997
31717,46969
29583,46994
29664,46911
31354,46922
39463,46902
39767,46934
39870,46920
38459,46886
38557,46911
39257,46881
28671,46903
30125,46874
34915,46860
35383,46840
37802,46844
34514,46851
34381,46825
28657,46839
32089,46763
42794,46819
31499,46802
31622,46819
33353,46742
30111,46746
28445,46740
45255,46710
37038,46755
34949,46605
29065,46660
43015,46658
29547,46627
33422,46651
31633,46657
33652,46632
33390,46619
42730,46660
31245,46568
34369,46566
42765,46588
35758,46583
42264,46539
34550,46565
31206,46600
35046,46591
35541,46535
39266,46520
32519,46534
34417,46517
41297,46567
31831,46506
43020,46522
39035,46534
31466,46511
37756,46452
38564,46461
44266,46458
33863,46448
36815,46493
34550,46462
30621,46474
38525,46497
42878,46451
32668,46489
37800,46450
30319,46479
29008,46446
33443,46496
43007,46468
30183,46446
38563,46456
31248,46434
36104,46478
31272,46495
33814,46459
41084,46430
43058,46408
44927,46325
42922,46242
28526,46285
38109,46247
27334,46238
37739,46259
31340,46254
30057,46238
27891,46255
35480,46199
31258,46231
32831,46218
35565,46208
29004,46217
28806,46232
45020,46254
28247,46200
39731,46221
28169,46234
42882,46222
34401,46136
29313,46136
41797,46146
34696,46125
37173,46146
34342,46124
28647,46131
29268,46180
38570,46184
32449,46067
34238,46069
27193,46055
44930,46051
29545,46007
40681,46023
29180,46048
28116,46065
30796,46019
44911,46021
31906,46052
28780,46022
32864,46053
32385,46060
42756,46025
30545,46047
28783,46023
37067,46004
40502,46024
32858,46046
31861,46059
33299,46040
40157,46011
27241,46034
36629,46015
36517,46006
40812,45927
44836,45918
32481,45973
44886,45924
32530,45970
30847,45974
28455,45947
27336,45950
32407,45978
35539,45946
36633,45910
28994,45935
27667,45901
31587,45900
32901,45898
38831,45926
40202,45928
39235,45829
27009,45794
30294,45801
29689,45795
32644,45818
27454,45812
31216,45830
30449,45774
27039,45731
34727,45764
28192,45754
30465,45705
36752,45714
35137,45722
43945,45701
27155,45664
32972,45720
35660,45687
33770,45722
31515,45646
30796,45595
39557,45619
37819,45593
29143,45623
27229,45604
39847,45611
38676,45584
27356,45602
27242,45620
29590,45622
41256,45610
28173,45592
29251,45587
28033,45582
29173,45568
39866,45545
32598,45501
29265,45490
27375,45544
39743,45525
33451,45530
27114,45510
35013,45533
30272,45543
38134,45537
38563,45503
32692,45500
38754,45477
32779,45450
31528,45430
28302,45461
34248,45435
36837,45463
36288,45454
31673,45461
39849,45357
27000,45387
32865,45365
27090,45361
38105,45281
35686,45300
28301,45263
31801,45225
32529,45254
38146,45230
33014,45262
32830,45267
27670,45165
36143,45190
32090,45157
38782,45212
33591,45157
37626,45194
30388,45202
29060,45147
40797,45169
30617,45177
38432,45181
34905,45134
26331,45169
27279,45160
28298,45121
28961,45045
27569,45048
30329,45109
33895,45002
38859,45022
41796,45018
28303,44971
35282,44981
29304,44992
27884,45006
26725,44997
29067,45016
41841,44990
32881,44990
29834,45003
26117,44967
35807,44986
29297,44977
35958,44996
30665,45027
32735,44945
32654,44958
26415,44966
33457,44960
28465,44919
29384,44917
26321,44929
36487,44894
28699,44909
36773,44889
37842,44919
26328,44880
27325,44886
33034,44900
33004,44804
31908,44818
29399,44844
31582,44815
27671,44819
32246,44756
36103,44780
30312,44733
26387,44785
26436,44754
28056,44773
29642,44694
31979,44702
28360,44684
29248,44702
38814,44709
36638,44691
37773,44680
30872,44676
38682,44668
35759,44722
27108,44697
36672,44624
28398,44578
33872,44578
31310,44551
31761,44547
25932,44556
27701,44543
28034,44543
28477,44549
26660,44578
31231,44531
33433,44547
36828,44555
25897,44531
42896,44562
26199,44486
29100,44478
27493,44477
26199,44492
30606,44492
29257,44538
30745,44498
36276,44538
28224,44507
42875,44520
35948,44534
34101,44514
29870,44427
28923,44393
28675,44405
31763,44388
32475,44436
32799,44392
32287,44432
32385,44412
27713,44388
29448,44416
31623,44419
28010,44402
37757,44389
33387,44398
28928,44401
26379,44337
33875,44333
37702,44384
34441,44368
36680,44357
41607,44350
33350,44383
33387,44358
35735,44352
27114,44331
27495,44344
33518,44298
28180,44293
27576,44353
42247,44305
26183,44351
28313,44350
27414,44274
30547,44287
27552,44251
29627,44209
39779,44188
26317,44187
29348,44187
25584,44219
31416,44194
39770,44167
29286,44129
37803,44090
28441,43953
30578,44004
26523,43981
30370,43963
26625,43985
29863,43969
33648,43994
27757,43983
27893,43884
32183,43918
28371,43936
29683,43916
30457,43927
34256,43936
27520,43944
25178,43903
28626,43911
25843,43903
34432,43929
34085,43937
42775,43931
33394,43897
39742,43901
25184,43891
41046,43890
35292,43889
28985,43892
29723,43871
28452,43884
32481,43866
35286,43848
28589,43845
29667,43888
25202,43892
36520,43879
25921,43892
33024,43785
32697,43805
36718,43842
36631,43842
30201,43789
35041,43800
41848,43817
25199,43795
35284,43757
30598,43748
26358,43717
37175,43768
28189,43744
37179,43746
26014,43676
32718,43683
36530,43708
26351,43693
26545,43714
28221,43581
32866,43630
29108,43621
33571,43596
33769,43591
32280,43594
24927,43548
41805,43510
28168,43536
24630,43481
28158,43504
26273,43521
34051,43487
26627,43528
34428,43478
35252,43524
38541,43529
27112,43439
25460,43419
32511,43418
32663,43435
25777,43404
29398,43455
25759,43426
42276,43414
28798,43426
30274,43428
25228,43395
29227,43341
29054,43373
30245,43366
34267,43380
38714,43351
31769,43390
27595,43377
28277,43371
31258,43297
25072,43331
27035,43270
28659,43322
32449,43305
26090,43258
30538,43235
39816,43211
27993,43233
27044,43235
29591,43221
28986,43256
33462,43256
25848,43245
39835,43225
36740,43151
38712,43182
26444,43115
25917,43027
31718,43034
30789,43057
37820,43004
26992,43012
28399,43015
30429,42949
27769,42947
28506,42977
30648,42979
25547,42985
34478,42991
35027,42991
26117,42890
32291,42889
32084,42922
31728,42919
28128,42899
25598,42905
32518,42903
25188,42895
27261,42897
30667,42868
26143,42872
27197,42913
25328,42885
24110,42891
24502,42885
30301,42833
28370,42827
33654,42873
30838,42869
31589,42823
30234,42877
34263,42840
33645,42846
32125,42840
28939,42837
24999,42842
27284,42860
29366,42875
34741,42849
35765,42871
25759,42810
38728,42784
31973,42774
28727,42781
25930,42809
24953,42774
38733,42808
28492,42806
31965,42703
28988,42718
25404,42729
34111,42706
26042,42725
34428,42620
26248,42655
33422,42644
32402,42670
26016,42629
31248,42636
24024,42615
24673,42638
27791,42615
41277,42610
27381,42603
28797,42646
39667,42617
30419,42621
37098,42614
31593,42586
25924,42597
30483,42604
26500,42532
31207,42540
29612,42529
29126,42578
32746,42570
34021,42559
35009,42448
28261,42456
29342,42469
34246,42498
28676,42465
29176,42472
27153,42505
24319,42494
25400,42510
28144,42511
30607,42509
33660,42399
26474,42435
27214,42418
31941,42442
34662,42408
30217,42449
25379,42447
34595,42384
28152,42408
27164,42422
26320,42390
32104,42437
23579,42414
24702,42407
32508,42404
29371,42434
25092,42436
31303,42358
33738,42368
28395,42339
30196,42346
27264,42347
27468,42345
27582,42311
25203,42349
28351,42365
24387,42355
23751,42326
26109,42329
23881,42318
40790,42351
29581,42325
27633,42365
23851,42307
30706,42249
25467,42268
30311,42293
32378,42197
25630,42243
36138,42192
36731,42184
39744,42229
23464,42196
27588,42188
29346,42181
23853,42225
31512,42109
24412,42075
29632,42070
27090,42128
24440,42100
28209,42079
34751,42123
23022,41929
32405,41976
23180,41922
30409,41943
25285,41961
34616,41957
27112,41958
26389,41967
25892,41956
39809,41859
34000,41916
24388,41867
36694,41863
24250,41913
26350,41884
32899,41888
34619,41889
34460,41893
23506,41891
25215,41896
24168,41864
24783,41899
32876,41800
23265,41811
23991,41831
27512,41853
26242,41805
37792,41808
23248,41813
29132,41847
30237,41814
25152,41826
32369,41815
26974,41855
33617,41796
31538,41799
23851,41843
37838,41799
26307,41787
29638,41745
38550,41753
24864,41740
28552,41784
32890,41744
29635,41710
26124,41704
23458,41690
29089,41721
30323,41646
28143,41658
26423,41659
30207,41646
31231,41621
23587,41620
39846,41636
34251,41570
29200,41588
24405,41552
29516,41564
35302,41555
26297,41594
23331,41605
33767,41544
27566,41520
32873,41545
29373,41520
24439,41497
27053,41553
29525,41546
35267,41494
27046,41507
29382,41493
38729,41441
28528,41470
29487,41428
29412,41485
34722,41477
25662,41451
26185,41431
22520,41442
29089,41379
26378,41431
29211,41376
25069,41411
31839,41379
24130,41375
32347,41396
27464,41433
30674,41377
32132,41412
32439,41385
26960,41388
23705,41398
23377,41386
24161,41324
34455,41300
24171,41334
22650,41342
22570,41305
24894,41352
22869,41343
25097,41356
22710,41309
30732,41299
30522,41314
29156,41358
28120,41266
27015,41310
30638,41285
26489,41252
27101,41184
30268,41216
32413,41177
30217,41188
22918,41182
24213,41235
29462,41226
32452,41206
25904,41185
28190,41228
24359,41189
22556,41195
30514,41232
24597,41195
35769,41236
33560,41134
25652,41162
33992,41167
23351,41121
23689,41080
27249,41091
31306,41075
27357,41067
31835,41099
33012,41071
24150,41066
22179,41084
31584,40986
25179,40998
27265,40965
39665,40963
25361,40963
30451,40918
31663,40935
26467,40918
28125,40790
22728,40776
36744,40795
27083,40801
26401,40791
33588,40796
24437,40805
25357,40803
22405,40757
30545,40763
22054,40774
31798,40780
25235,40783
22186,40795
35781,40731
22995,40702
22951,40681
39694,40693
22054,40728
26952,40733
21925,40676
27195,40641
23126,40632
22775,40575
30263,40596
30606,40540
35707,40600
32771,40548
23525,40560
22227,40601
24146,40521
30264,40484
30397,40512
34055,40488
24269,40481
25944,40512
23101,40527
30622,40429
23391,40414
29507,40430
30645,40470
26254,40469
27045,40427
23901,40439
22014,40432
21710,40439
22777,40423
26361,40424
22354,40392
23800,40400
23747,40370
29288,40366
27572,40352
23904,40342
31210,40381
27067,40384
25448,40362
22897,40341
25815,40357
34478,40404
26514,40381
29079,40278
29483,40318
26149,40323
35691,40309
22191,40308
30636,40310
29303,40285
23864,40278
22755,40316
22923,40280
27220,40303
33593,40305
34031,40290
27464,40293
23308,40331
27154,40209
24329,40222
22345,40258
34067,40246
30691,40266
23735,40226
29183,40242
23300,40267
33639,40213
28527,40252
30304,40268
25659,40174
27218,40147
32284,40172
25374,40183
24933,40146
25271,40168
24880,40166
23521,40132
24351,40144
22960,40158
25368,40044
22842,40091
24846,40035
22475,40067
36153,40083
30433,40099
26118,40077
27046,40093
27270,40084
22742,40009
22199,39975
23493,39980
26361,40011
29206,40010
27438,39976
21386,39991
28213,39916
34075,39895
23902,39933
32096,39943
30561,39944
22072,39917
24108,39929
27529,39944
26333,39954
20976,39956
24974,39851
27183,39880
21432,39786
22999,39767
23084,39782
21840,39809
25863,39808
23466,39815
28486,39773
30663,39715
28176,39723
30569,39752
21232,39727
26231,39772
35777,39772
35749,39714
23248,39732
27545,39744
21980,39747
27197,39693
24971,39675
26167,39689
26421,39646
26307,39640
22903,39591
20689,39628
22375,39636
29451,39588
20788,39602
24444,39628
23528,39601
22555,39597
21985,39613
29626,39559
21758,39523
22182,39539
20608,39562
20893,39562
32130,39532
26527,39503
33560,39487
22826,39413
22598,39417
21252,39383
30553,39387
21847,39425
27742,39375
21009,39402
20560,39396
23043,39375
31702,39434
23427,39423
26124,39416
22264,39383
23284,39433
21438,39431
21003,39423
28109,39391
20777,39420
30387,39422
25851,39343
22156,39329
22430,39372
27542,39364
22065,39365
32793,39320
23244,39369
21610,39329
26277,39332
28192,39337
28732,39349
25939,39273
30687,39239
20967,39275
22243,39268
20942,39294
20561,39282
25022,39238
23456,39290
20420,39259
23252,39250
22123,39243
35657,39234
27484,39160
20439,39142
31656,39140
24016,39173
25298,39165
34107,39202
23157,39187
22285,39112
22256,39082
35755,39039
20707,39021
23742,39039
32799,39040
36113,39012
27620,39031
23713,39029
29619,39060
30482,39058
30253,39037
27160,39019
34426,39013
22962,39052
34715,38958
23037,38942
31310,38882
21049,38879
31702,38888
23833,38883
29249,38934
25460,38925
25853,38912
20711,38923
25264,38898
20523,38943
23905,38894
35752,38898
24293,38869
32523,38849
20389,38827
30473,38820
27132,38782
31310,38741
29467,38738
20431,38748
20174,38792
20698,38676
23927,38726
28144,38693
28558,38729
22964,38714
27557,38706
23752,38731
26234,38726
26484,38704
35692,38664
19914,38699
21820,38567
34675,38574
20451,38570
24208,38570
23159,38584
21108,38554
29649,38582
26254,38530
26955,38539
27776,38544
26965,38465
30725,38447
21112,38433
28588,38448
19888,38483
35782,38460
26422,38409
26457,38417
21445,38460
24380,38437
21491,38375
26198,38335
27304,38345
22159,38362
32139,38375
20812,38367
23451,38330
28595,38354
20161,38330
35813,38371
24913,38364
24033,38364
22614,38298
21245,38292
21757,38250
29351,38304
22781,38264
19873,38302
34420,38277
31278,38278
22393,38297
32386,38302
27338,38255
30710,38249
21342,38259
29426,38305
25875,38247
24020,38298
22466,38173
24372,38193
22005,38112
25263,38168
34440,38162
36156,38084
19425,38071
21422,38089
20171,38066
29359,38058
20959,38056
23736,38027
29296,38015
25315,38004
22505,38014
22250,38036
24958,38063
20091,38036
24140,37998
20618,38010
35798,38050
28159,38019
35732,37981
20818,37937
25911,37970
35696,37904
19111,37881
24156,37919
27364,37869
20304,37904
24293,37909
27096,37803
27524,37818
26248,37822
21200,37808
23170,37825
20988,37838
20957,37840
28570,37812
18875,37774
20535,37679
21862,37725
23156,37690
22761,37637
18766,37656
19980,37655
18898,37677
20259,37635
22362,37688
19372,37657
23122,37673
23111,37590
21978,37572
21392,37498
21338,37524
23065,37511
22875,37488
25423,37537
23730,37526
22984,37503
19918,37434
32729,37473
29629,37446
23147,37376
21985,37390
20215,37370
19913,37410
26945,37409
24914,37354
21141,37336
18692,37340
26425,37293
20124,37280
31583,37290
35761,37303
21314,37309
27556,37303
20662,37335
21370,37283
35800,37317
18571,37257
22828,37213
23814,37213
35747,37264
21409,37226
19129,37261
22286,37259
20320,37215
23031,37228
20973,37262
30463,37255
22352,37259
19990,37260
22391,37269
21235,37227
23037,37174
21966,37164
29332,37211
26428,37207
22899,37169
26427,37184
30391,37152
19016,37159
32766,37184
21124,37148
27340,37167
23061,37150
18360,37149
18583,37147
22892,37077
31302,37082
18798,37102
25110,37030
27000,36989
18687,37001
19575,37018
24032,36995
20376,36982
18402,36997
21190,36993
18854,37011
25122,37042
23847,36977
21521,37018
20919,36982
20660,36999
24167,36980
19838,37023
18498,37016
19316,37032
18865,36983
20013,37012
29504,36911
34457,36918
20567,36951
24005,36956
26430,36921
25287,36956
20163,36959
22271,36948
26946,36882
24285,36906
20729,36810
24979,36829
22354,36811
28724,36821
18093,36839
20159,36733
17988,36764
18284,36717
32530,36694
22430,36688
29436,36646
23100,36703
27443,36654
17835,36628
24326,36622
29529,36659
22959,36579
27356,36563
25636,36578
26243,36550
22730,36526
18686,36521
22942,36527
29467,36533
18438,36498
20518,36442
24884,36422
18675,36421
29312,36435
22380,36410
25286,36432
21415,36451
18290,36373
23085,36341
20494,36337
31272,36364
24177,36380
26439,36335
19633,36342
18441,36324
17942,36297
25003,36269
19691,36312
25168,36288
26251,36275
18292,36300
20345,36329
18537,36291
22418,36298
18862,36304
17597,36300
18927,36289
25235,36243
18654,36244
17836,36262
24222,36256
22964,36265
22109,36257
20002,36284
24324,36294
19735,36295
20780,36245
17736,36266
20304,36277
20377,36281
22041,36254
19324,36221
21031,36194
17365,36219
30467,36218
22716,36166
22751,36209
29326,36125
18979,36102
17877,36101
26418,36104
19197,36107
17435,36102
26416,36101
17362,35966
17302,35995
20718,36002
27172,35997
17434,35965
19628,35960
21497,35971
31530,35978
24917,36003
18604,35958
17382,35962
27224,35960
18038,35985
17251,35963
22505,36022
18032,35989
20631,36013
17421,36022
24350,35893
29481,35937
18081,35919
18087,35915
17055,35900
17243,35948
22855,35924
19634,35865
17147,35838
19262,35860
22020,35855
21532,35831
23513,35759
17078,35781
17610,35806
17186,35791
22987,35761
20210,35758
32741,35795
20135,35754
18449,35775
20195,35660
31271,35660
19618,35644
20076,35616
17879,35566
17837,35553
23484,35528
21707,35527
20174,35526
17802,35492
28510,35480
19072,35408
28512,35441
24250,35438
16891,35395
20126,35422
24876,35390
23127,35392
31253,35336
21480,35339
21279,35361
23779,35365
26228,35263
17582,35288
30432,35258
18556,35296
17549,35246
22272,35268
16787,35304
19071,35255
18639,35267
17008,35255
17926,35241
20431,35230
22462,35258
18469,35229
17071,35270
17533,35253
28589,35225
24016,35273
20009,35271
27304,35266
16953,35271
29475,35261
30377,35248
16387,35253
17849,35226
19766,35233
21204,35130
22053,35115
20628,35139
21355,35114
16907,35165
16882,35164
24968,35172
23848,35135
22132,35170
22079,35157
16226,35003
26252,34983
20142,34989
18567,34977
18948,34939
16643,34957
16421,34966
20278,34955
24149,34969
24890,34930
17430,34938
29209,34981
32378,34976
24140,34966
19046,34979
25656,34939
18453,34988
22243,34947
18632,34981
21296,34889
30382,34932
17530,34934
25161,34930
17384,34921
23730,34894
25150,34933
24942,34901
24362,34933
16796,34836
17890,34878
19979,34794
21262,34751
15836,34813
17509,34790
24201,34760
20258,34774
18834,34791
25811,34810
17151,34789
16119,34790
25833,34720
17579,34696
18025,34735
16706,34739
21283,34710
18526,34743
16422,34724
15971,34590
30409,34511
17614,34516
16010,34545
27466,34489
17494,34534
15823,34535
26244,34500
17152,34416
16094,34454
17961,34415
19756,34388
24342,34407
15767,34360
23111,34371
15770,34413
15497,34365
18392,34344
24178,34361
18229,34337
25467,34376
18900,34377
16235,34329
24153,34375
24974,34317
15877,34276
24158,34269
19838,34240
18744,34233
17947,34269
23809,34245
16355,34238
21289,34254
16082,34234
16662,34232
19219,34275
16514,34286
18478,34236
19221,34218
16782,34197
19691,34167
16508,34160
19261,34181
25967,34220
18606,34183
16920,34173
21695,34188
22987,34193
18091,34161
17106,34166
17760,34209
20724,34225
19214,34203
25450,34202
17847,34195
22821,34183
15648,34162
19835,34137
16953,34145
15734,34165
18051,34163
27434,34167
23885,34154
18410,33986
23852,34031
23711,34017
15219,33936
25446,33946
20802,33968
16950,33935
16457,33952
19084,33968
18585,33934
18437,33932
15954,33926
23080,33965
15088,33971
18010,33957
15055,33919
20115,33939
16086,33953
17836,33962
20104,33948
18563,33855
16190,33891
21149,33780
19803,33781
17822,33801
16681,33757
16147,33734
17752,33753
17079,33714
15443,33715
22973,33778
21257,33773
19741,33729
16779,33740
15244,33715
19665,33697
25454,33677
15576,33649
31266,33658
18200,33673
15578,33692
16407,33695
28504,33707
29309,33662
17654,33660
25947,33638
19617,33618
26216,33665
15745,33653
25126,33607
16431,33534
16507,33500
27483,33473
31530,33459
14796,33468
24849,33450
16876,33462
17861,33473
20705,33350
16317,33413
16936,33382
21971,33295
16791,33304
16666,33311
23721,33304
18046,33285
17976,33295
16873,33297
21190,33265
21175,33279
21189,33227
17547,33283
14361,33222
17726,33222
25110,33245
18895,33241
25001,33250
17616,33265
16536,33252
20967,33243
15047,33214
19977,33183
18724,33203
16620,33181
22098,33192
16476,33155
16151,33166
16623,33165
24034,33163
15527,33164
14529,33160
14349,33171
27196,33168
18056,33164
16937,33131
20219,33179
16858,33126
25427,33179
25170,33153
21980,33084
17626,33109
17946,32992
16942,32931
17693,32976
17402,32939
16771,32942
15651,32953
16632,32934
20936,32926
17549,32942
16485,32972
17608,32934
18055,32931
19067,32949
18004,32932
26996,32961
14114,32944
21240,32942
14723,32976
14738,32899
16818,32788
14764,32752
20939,32742
17433,32726
18523,32728
15397,32729
25953,32778
15590,32755
21290,32724
16234,32736
20746,32657
17075,32650
16958,32680
15594,32683
17056,32705
13813,32707
21702,32657
14868,32674
23737,32695
21683,32667
25254,32685
24958,32687
25928,32672
18184,32711
17069,32614
16163,32644
20267,32590
17269,32609
20969,32628
14569,32600
26937,32577
17259,32564
18601,32554
16530,32545
21970,32499
18870,32494
26993,32516
14406,32497
14563,32448
15198,32476
17548,32449
15718,32423
15396,32430
14918,32356
14160,32377
23808,32362
18042,32368
25290,32382
13721,32359
16894,32345
21947,32336
13585,32312
21856,32341
20232,32314
17094,32292
14375,32291
13740,32233
14197,32224
31222,32273
17557,32253
24913,32230
14647,32243
14865,32227
16707,32240
14820,32272
16652,32280
14367,32246
14827,32208
16545,32172
26230,32186
13841,32175
16422,32175
20069,32158
17429,32158
15966,32187
13379,32218
14684,32194
17239,32182
13792,32183
14974,32184
18721,32153
19644,32118
18871,32098
13649,32090
13612,31957
14937,31971
18057,31956
25013,31987
15566,32004
15779,31995
26190,31980
14314,32009
14430,31944
17462,31958
16451,31928
16619,31864
26205,31882
13684,31865
16367,31864
13992,31872
23748,31862
14262,31883
14464,31854
23751,31875
18845,31901
13064,31865
14499,31855
22109,31897
19844,31873
16931,31877
22738,31873
17965,31837
21833,31825
19612,31810
15539,31844
14919,31795
13260,31808
13993,31814
24971,31807
19743,31813
17443,31819
17055,31803
25423,31718
20234,31763
18225,31727
15984,31741
22738,31730
14656,31722
24980,31700
13307,31671
14707,31706
15908,31704
12926,31679
12789,31695
13359,31696
15189,31703
14706,31703
25223,31680
13784,31663
18189,31643
15287,31584
15693,31607
16588,31630
13466,31622
13098,31644
15185,31567
15726,31576
15329,31535
19882,31556
20709,31494
17213,31457
12612,31486
14565,31408
21178,31420
18700,31447
16650,31437
19641,31319
17032,31335
13501,31360
14013,31374
15975,31306
14265,31251
14504,31257
14970,31206
17171,31211
13546,31252
14489,31255
14350,31187
20756,31176
15865,31146
14166,31197
23718,31203
15273,31190
12717,31169
21149,31084
15856,31080
17069,31127
13749,31105
15201,31085
18724,31103
21223,31110
15770,31118
14720,31083
12711,31083
12520,31073
15497,31060
15904,31053
19110,31067
14765,31008
14361,31019
12295,31016
19759,31068
12784,31040
17110,31040
23783,30993
12367,30983
16201,30989
22261,30984
14428,30980
13733,30959
13419,30974
15768,30992
15757,30986
22741,30989
20014,30953
15857,31000
13822,30992
17806,30999
12235,30885
12529,30915
20250,30915
12474,30909
13340,30919
12640,30924
13321,30901
12661,30916
12160,30875
15090,30843
15803,30813
23793,30849
18193,30818
25934,30744
16884,30803
17213,30802
21164,30746
15268,30774
16578,30792
11960,30721
17483,30671
18414,30628
12915,30631
17400,30628
24991,30612
13640,30635
13191,30646
13660,30627
13839,30620
14579,30670
16508,30608
24175,30613
18060,30619
12530,30606
17590,30612
13889,30618
17177,30612
16207,30621
17217,30629
18591,30612
17709,30632
20706,30610
12821,30607
15267,30629
13243,30546
15852,30564
12318,30526
17069,30561
15450,30520
14517,30492
12380,30409
15768,30395
16003,30387
19167,30341
12863,30355
14895,30321
12597,30259
12391,30287
13420,30224
16467,30202
16727,30181
11916,30196
19865,30179
12499,30223
21990,30204
14605,30208
15581,30236
13355,30120
14679,30111
16144,30130
14041,30128
16774,30151
16379,30154
25006,30129
12677,30154
16440,30117
18538,30124
14343,30123
11931,30085
16141,30065
14000,30098
12543,30057
19855,30064
17556,30055
16957,30057
13422,30043
21960,30049
19087,30090
21282,30064
21269,30084
12996,30046
12847,29980
15943,30026
25273,30027
18421,30019
12030,29986
25148,30009
25968,29975
20715,29938
17427,29972
21863,29964
24971,29960
15526,29954
16932,29920
25412,29934
11894,29890
19185,29910
14451,29906
11098,29894
16874,29909
21671,29892
14347,29896
19167,29924
15533,29861
16657,29865
18037,29869
11304,29812
12884,29866
17400,29835
13542,29831
11806,29822
16774,29827
17445,29854
25143,29853
18589,29777
15989,29751
11497,29752
22707,29771
13800,29763
15401,29750
12444,29776
15294,29762
14430,29754
21831,29796
23813,29799
14239,29792
17550,29707
18197,29699
11278,29719
13987,29637
15356,29609
11648,29637
14832,29670
14981,29663
16367,29608
16579,29655
12277,29666
11101,29660
11866,29643
10804,29537
15578,29554
10774,29559
11423,29568
14507,29586
15395,29551
12422,29572
16467,29562
11868,29531
12967,29499
12133,29499
17154,29515
16239,29492
17808,29497
15711,29471
15214,29522
11579,29523
11464,29533
12715,29473
16538,29410
13902,29404
16863,29434
15692,29424
12030,29449
20706,29427
10839,29416
13547,29426
13729,29358
13238,29388
13604,29390
17567,29403
13621,29338
13283,29325
16769,29327
11465,29345
16808,29332
11981,29287
13393,29259
12889,29304
16239,29242
15043,29275
22279,29248
12045,29186
21828,29195
22276,29224
11857,29153
14798,29171
11514,29123
13991,29127
12715,29152
15513,29142
18193,29172
11912,29110
21105,29162
12006,29117
14817,29098
24933,29081
16092,29082
15133,29088
10250,29057
13033,29059
10393,29090
10745,29037
12619,29021
10318,29004
25938,28981
10607,28996
11976,29025
10197,28956
21837,28912
10919,28957
12456,28962
15653,28967
18184,28955
15343,28891
14130,28878
11487,28884
16533,28857
20668,28822
14324,28782
10606,28778
14105,28779
13414,28803
12311,28783
11744,28809
12042,28785
10602,28823
16374,28792
19087,28788
11851,28791
10408,28825
10726,28776
15963,28754
9897,28777
11970,28769
12282,28778
10460,28747
12879,28707
10166,28683
14554,28664
14829,28663
11336,28625
10581,28664
22296,28620
14442,28637
17595,28613
13699,28653
11692,28674
10905,28671
11121,28633
19084,28586
14387,28557
11606,28588
19173,28521
16203,28493
25447,28521
13398,28494
12957,28506
18175,28469
15070,28526
16491,28487
12416,28532
16657,28473
12472,28471
18531,28497
14240,28529
14738,28525
11241,28441
18505,28448
18169,28454
11209,28440
20730,28464
13843,28351
12682,28385
16770,28338
12718,28310
10350,28300
21107,28277
19183,28263
15253,28130
13296,28130
11143,28129
11018,28121
11560,28118
13880,28154
10649,28112
12281,28166
9919,28166
9251,28062
15655,28052
13392,28049
16202,28000
14199,28046
12538,27997
14307,27989
15752,27957
17139,27955
15534,27975
13088,28000
10462,27945
11351,27973
10785,27995
15922,27958
11725,27959
9925,27940
12522,27921
9283,27900
12695,27901
13126,27884
13453,27892
12024,27897
21715,27891
10432,27828
12744,27831
16583,27831
10515,27833
14782,27743
13716,27780
11279,27767
10873,27748
13943,27760
15566,27777
9768,27765
11315,27774
17092,27799
13338,27799
14146,27682
10975,27713
17554,27721
19617,27712
18541,27717
12538,27697
10705,27710
16926,27666
13378,27659
10099,27692
8835,27622
14316,27580
12729,27616
9400,27610
9947,27616
25260,27628
12356,27627
10870,27624
14310,27614
21725,27593
12805,27625
13928,27510
12055,27562
15757,27537
10668,27548
15752,27448
14132,27460
16854,27469
9567,27486
11812,27437
13781,27481
8890,27463
9413,27477
14192,27476
21685,27471
18503,27474
21681,27470
15779,27487
15636,27469
11413,27460
13811,27393
17838,27422
17436,27370
13388,27428
17577,27397
16595,27377
11718,27335
12787,27347
11621,27349
13127,27330
23821,27320
18049,27290
10136,27294
14425,27263
8994,27286
12296,27281
9043,27178
16475,27194
12384,27202
15494,27194
12370,27167
13252,27081
13066,27047
18630,27057
25424,27048
19592,27009
14033,27054
21727,27039
15537,27023
12839,27032
8421,27025
8711,26978
12987,26983
13732,26990
10777,26943
15530,26998
16783,26936
14006,26937
15988,26920
11501,26938
18393,26906
12825,26836
16773,26822
15112,26811
15938,26826
15040,26848
11493,26827
9109,26851
19100,26826
10048,26814
14145,26806
9235,26764
18037,26792
10489,26762
13327,26802
11137,26750
15323,26787
15794,26763
11433,26788
11261,26744
20023,26777
15643,26731
14935,26701
11893,26648
10789,26647
10995,26639
11514,26662
17557,26649
13767,26567
7711,26557
11554,26582
8372,26581
12833,26557
11343,26583
9256,26580
8597,26590
10371,26576
12014,26572
9076,26573
11312,26477
11318,26523
12590,26488
15774,26485
17700,26484
8600,26493
15734,26513
8778,26512
13223,26445
8718,26428
11088,26442
10764,26402
11242,26425
14609,26421
10704,26420
13125,26441
10219,26454
13461,26425
10153,26378
11259,26406
13322,26431
12711,26419
11651,26394
13830,26389
12396,26341
14642,26331
10966,26270
14671,26303
21282,26257
7912,26296
12843,26185
10157,26199
8771,26216
10512,26208
14960,26224
12302,26210
17715,26186
8949,26222
14057,26154
10993,26147
11910,26095
16554,26090
8231,26046
15686,26072
12390,26092
12545,26075
14521,26018
11329,25978
13643,25995
11950,26025
11301,26015
7266,26019
13884,26019
11274,26028
20723,25985
12144,25916
16128,25932
12669,25920
9338,25940
22702,25946
15190,25922
12718,25934
9446,25903
12518,25936
19134,25883
18506,25900
9509,25861
13219,25778
7394,25787
19967,25763
14805,25751
9995,25795
8667,25799
13159,25756
9349,25770
9958,25790
19187,25737
7496,25775
17671,25785
12005,25686
16779,25669
16542,25680
14421,25711
12260,25709
13903,25725
15338,25685
16795,25711
10346,25644
10868,25543
12635,25592
10717,25576
6897,25580
16655,25601
8942,25545
9894,25573
14811,25540
8768,25548
14926,25559
9939,25589
6971,25505
10343,25514
9000,25486
18598,25500
11306,25476
9319,25513
9941,25496
14615,25417
14736,25455
10691,25445
9598,25444
12751,25425
9638,25468
15134,25435
11525,25435
8206,25438
13611,25341
10387,25375
11320,25380
9718,25352
14355,25369
14807,25350
17088,25371
13910,25334
9730,25289
6550,25314
10192,25319
10040,25298
8547,25293
10494,25304
9707,25223
8141,25248
19111,25208
15764,25244
12374,25273
10835,25213
15670,25235
11437,25218
13999,25181
15821,25219
12880,25224
16370,25220
9482,25182
15042,25207
13663,25196
14357,25223
12260,25223
7694,25220
12409,25198
13618,25235
13627,25192
10949,25188
10309,25116
11305,25109
10504,25059
12383,25021
11194,25012
9323,25002
18616,25010
6941,25028
12901,24939
6803,24959
10815,24976
8359,24937
10216,24950
9677,24970
19172,24852
7032,24899
15921,24895
11851,24879
12146,24858
15372,24902
14397,24777
16089,24801
14754,24833
8375,24788
10437,24814
15694,24791
12357,24717
7663,24740
13720,24764
7622,24757
12902,24720
19073,24744
10654,24771
11395,24741
14922,24759
9732,24747
7944,24744
11792,24766
9093,24724
6183,24654
11767,24701
11952,24643
18611,24688
15995,24653
12991,24644
8601,24695
15998,24642
13670,24648
7213,24684
16337,24648
9600,24690
14460,24616
15780,24618
13928,24625
13359,24610
13034,24618
10609,24553
11546,24567
16074,24579
8105,24574
10520,24571
7478,24590
12127,24544
11883,24549
11804,24558
10292,24578
9205,24555
11815,24514
13217,24520
16909,24489
9518,24507
14995,24529
15270,24514
9945,24463
14788,24421
12717,24454
15668,24438
8424,24461
14242,24425
7113,24402
11715,24354
10010,24346
14135,24400
14195,24273
7478,24214
6339,24270
10313,24227
17093,24254
13209,24229
6598,24194
6714,24202
15817,24181
10341,24183
10305,24150
9907,24176
18034,24165
12537,24147
12225,24202
11949,24116
11628,24104
15945,24160
15090,24147
13636,24104
9032,23972
10466,23989
12539,23930
5501,23953
9762,23963
5354,23917
9730,23845
11563,23838
6581,23860
7143,23864
16962,23868
8994,23790
13946,23793
17683,23774
13413,23797
14491,23724
14396,23730
13431,23714
9115,23728
11581,23689
14141,23644
10068,23697
10075,23673
8541,23691
13060,23678
10407,23691
14178,23617
10120,23620
11076,23626
15371,23628
15141,23603
10604,23632
7009,23634
16005,23610
17562,23599
10017,23527
16348,23572
8215,23529
15419,23512
11281,23566
15463,23551
14487,23554
12905,23554
11034,23483
12856,23502
10289,23476
9566,23499
15643,23491
13449,23494
8971,23448
14981,23484
19123,23468
13890,23468
11141,23449
12544,23405
15942,23461
14445,23358
6376,23395
13010,23344
11860,23374
15766,23390
6638,23383
6611,23338
9800,23354
13025,23356
11704,23315
15653,23286
12136,23326
18049,23311
11404,23298
9553,23304
15937,23294
14955,23332
12538,23236
15166,23209
10501,23206
5940,23267
14523,23227
14141,23215
11947,23238
10644,23268
19614,23230
8519,23175
9521,23160
11944,23177
13696,23152
15611,23170
11626,23171
15638,23187
8523,23199
15087,23105
14183,23103
11566,23128
13667,23131
15179,23105
15933,23087
7761,23076
11578,23023
10736,23043
11358,23051
9598,23017
14070,23049
15517,23036
12724,23054
14735,23015
13294,22964
11494,22966
12784,22995
11840,22912
11854,22930
15153,22888
9367,22927
14760,22898
14903,22868
17062,22866
9202,22899
14277,22865
11683,22859
17063,22882
9509,22885
11450,22864
13928,22885
13779,22783
14274,22817
10315,22797
15272,22744
11553,22715
15734,22730
13737,22731
11853,22739
12715,22710
11555,22700
5671,22696
11120,22675
11863,22632
13727,22542
9394,22540
4643,22534
15317,22513
13706,22503
14055,22563
12138,22521
12985,22539
5921,22546
10671,22443
12637,22487
7133,22499
10086,22455
12154,22478
16559,22458
15440,22482
8635,22499
12850,22454
11021,22501
14795,22498
12107,22396
15479,22394
13347,22360
11279,22345
14617,22312
6142,22308
9168,22315
12208,22332
18062,22329
10916,22253
11466,22185
11532,22234
10961,22222
9510,22227
18601,22204
18593,22173
9209,22193
11019,22179
12118,22146
10697,22142
4590,22196
14757,22176
11055,22168
10284,22172
11563,22167
11063,22200
16376,22147
9906,22116
11899,22068
12612,22021
15675,22013
9995,22006
11106,22048
15618,22064
13945,22051
10662,22047
12423,22026
13883,21998
10782,21938
12909,21973
9513,21944
10276,21991
10414,21897
10867,21902
13712,21915
10356,21897
15678,21883
16771,21837
13187,21862
11849,21860
11011,21813
3911,21823
19139,21826
9501,21834
6671,21847
7732,21809
11954,21824
15659,21751
11796,21783
15495,21745
14873,21790
17062,21725
9902,21693
13950,21696
11161,21691
10514,21684
4855,21683
10843,21695
16784,21704
14110,21634
13667,21546
13901,21558
10158,21580
10936,21520
11428,21505
13892,21515
11757,21470
9013,21494
13212,21411
7737,21406
13274,21408
14560,21435
10994,21465
11727,21462
9100,21448
14061,21462
12132,21425
12278,21427
8342,21450
9887,21416
15402,21427
9942,21413
16109,21410
13225,21304
13715,21338
13188,21329
11705,21362
15348,21337
7129,21311
8986,21356
11826,21234
14990,21230
13200,21212
8342,21212
3151,21199
12794,21117
8634,21146
14156,21112
9352,21127
3169,21144
9825,21134
13084,21124
10395,21148
15140,21132
12773,21119
18629,21058
12636,21053
16344,21044
14578,21056
13063,21069
13334,21090
11938,21031
8615,21031
9148,21031
16807,21003
5019,20998
5591,20985
12812,21011
12131,21017
11685,21008
12186,20986
10515,21000
12753,21029
15338,20915
15442,20866
19583,20892
15345,20891
9651,20852
11815,20794
7739,20824
12454,20790
15621,20775
13921,20776
8142,20826
13089,20781
2995,20786
14782,20780
14107,20743
16548,20720
10069,20762
9877,20736
14568,20740
9966,20697
6730,20714
9623,20731
13097,20721
15947,20723
10965,20681
10780,20731
14596,20675
11142,20707
13034,20705
14246,20729
15485,20702
13681,20573
11695,20474
10805,20516
13170,20487
12328,20507
13683,20532
9598,20532
4572,20521
10126,20479
10998,20470
11102,20510
7981,20471
10016,20459
9360,20407
10123,20427
10733,20463
16552,20413
15449,20438
11716,20442
11351,20430
11654,20414
10810,20420
14130,20427
11098,20344
12104,20387
17046,20313
10342,20318
7113,20270
13043,20295
9333,20331
8363,20224
11123,20264
12310,20217
12632,20231
14297,20134
11375,20176
17559,20162
12599,20179
9910,20185
9633,20197
8110,20109
11885,20097
15424,20093
11122,20099
16345,19990
14621,20028
16565,19988
11270,20000
14602,19973
13259,20011
9124,20017
15630,19979
15399,19930
11363,19934
12158,19908
10806,19925
14959,19928
15391,19948
10788,19960
11335,19939
17537,19900
13213,19959
9392,19891
15313,19864
15956,19897
10968,19844
14767,19891
11285,19821
15285,19803
7154,19815
17541,19806
12158,19744
9542,19724
9799,19715
15498,19764
15271,19741
13218,19708
12169,19756
9867,19651
11094,19685
9857,19654
12225,19659
9593,19652
14263,19576
11425,19596
9340,19581
9762,19608
17535,19610
15487,19572
14970,19624
9571,19604
13247,19543
2108,19507
10360,19449
17055,19474
11137,19482
11816,19434
11292,19450
13345,19427
13288,19416
9771,19448
10887,19458
14277,19350
15480,19343
11898,19393
10920,19361
14254,19368
10812,19339
12253,19342
17537,19395
10026,19371
9586,19315
10515,19324
15629,19286
11387,19214
10053,19221
11691,19199
14982,19248
10019,19248
11765,19214
11141,19250
12121,19213
12142,19133
16577,19135
14761,19165
15510,19138
9608,19109
17545,19123
16068,19126
12820,19068
12309,19102
11072,19111
16592,19035
15509,19052
8619,18957
13333,18979
14293,18986
11074,18960
16098,18942
13340,18937
11183,18994
10833,18953
10860,18997
17053,18925
16131,18915
15600,18905
9618,18886
14238,18926
17539,18889
14735,18862
14940,18886
11657,18869
12811,18843
13338,18820
9588,18734
11671,18753
10539,18714
14953,18737
15619,18726
12757,18687
10822,18660
10908,18661
10546,18641
11648,18587
17065,18566
16591,18625
15456,18576
15408,18608
10005,18497
12211,18393
15633,18421
15625,18410
11374,18395
9546,18402
11662,18370
9557,18392
9593,18400
9759,18380
11413,18403
16576,18348
12259,18309
9547,18358
14977,18354
16583,18326
17036,18362
12216,18361
12234,18310
17033,18182
11425,18171
9539,18115
15425,18103
11411,18165
16563,18044
16594,18044
12207,18045
11635,18078
16557,18019
16583,17909
11655,17873
12247,17893
700,100000
17589,100000
18565,100000
18589,100000
18568,100000
18601,100000
18570,100000
18621,100000
18630,100000
18584,100000
19615,100000
19588,100000
19578,100000
19572,100000
19627,100000
19572,100000
21686,100000
22708,100000
24936,100000
29371,100000
31257,100000
31240,100000
31231,100000
31561,100000
31534,100000
32357,100000
32523,100000
32494,100000
32491,100000
34082,100000
34056,100000
34456,100000
34422,100000
34636,100000
34660,100000
34669,100000
34621,100000
34669,100000
34641,100000
35690,100000
35705,100000
35707,100000
35695,100000
35696,100000
35801,100000
36690,100000
36700,100000
37091,100000
39680,100000
39660,100000
39815,100000
39864,100000
41846,100000
41832,100000
41918,100000
41874,100000
41911,100000
41883,100000
41913,100000
42257,100000
42296,100000
42804,100000
42755,100000
42917,100000
42900,100000
42916,100000
43059,100000
43854,100000
43849,100000
43874,100000
43879,100000
43856,100000
43843,100000
43887,100000
43886,100000
43923,100000
43937,100000
43892,100000
43928,100000
43884,100000
44110,100000
44103,100000
44137,100000
44125,100000
44101,100000
44083,100000
44118,100000
44125,100000
44244,100000
44267,100000
44287,100000
44279,100000
44246,100000
44852,100000
44902,100000
44926,100000
44865,100000
44942,100000
45023,100000
44973,100000
45000,100000
45263,100000
45242,100000
45257,100000
45933,100000
46048,100000
46032,100000
46023,100000
46151,100000
46182,100000
46164,100000
46148,100000
46166,100000
46227,100000
46250,100000
46269,100000
46277,100000
47058,100000
47053,100000
47024,100000
47066,100000
47055,100000
47054,100000
47135,100000
47157,100000
47175,100000
47135,100000
47141,100000
47173,100000
47214,100000
47207,100000
48028,100000
48046,100000
48095,100000
48137,100000
48199,100000
48206,100000
48219,100000
48223,100000
48227,100000
48209,100000
48231,100000
48235,100000
48240,100000
48218,100000
48266,100000
48206,100000
48499,100000
48468,100000
48507,100000
48502,100000
48545,100000
49000,100000
49011,100000
49041,100000
49052,100000
49082,100000
49038,100000
49065,100000
49065,100000
49195,100000
49211,100000
49175,100000
49270,100000
49250,100000
49251,100000
49293,100000
49282,100000
49263,100000
49266,100000
49304,100000
49409,100000
49629,100000
49611,100000
49648,100000
50201,100000
50214,100000
50273,100000
50293,100000
50252,100000
50301,100000
50294,100000
50299,100000
50261,100000
50297,100000
50325,100000
50514,100000
50504,100000
50653,100000
50634,100000
50673,100000
50688,100000
50632,100000
50669,100000
50722,100000
50776,100000
51306,100000
51271,100000
51268,100000
51313,100000
51317,100000
51341,100000
51304,100000
51335,100000
51353,100000
51338,100000
51343,100000
51506,100000
51507,100000
51536,100000
51596,100000
51645,100000
51634,100000
51762,100000
51722,100000
51787,100000
51848,100000
52251,100000
52336,100000
52320,100000
52519,100000
52518,100000
52687,100000
52696,100000
52754,100000
52831,100000
52869,100000
53029,100000
53005,100000
53086,100000
53060,100000
53420,100000
53555,100000
53570,100000
53658,100000
53781,100000
53784,100000
53790,100000
53775,100000
53866,100000
53870,100000
53872,100000
53893,100000
54018,100000
54510,100000
54496,100000
54535,100000
54733,100000
54723,100000
54872,100000
54941,100000
54908,100000
54903,100000
54990,100000
55128,100000
55073,100000
55180,100000
55139,100000
55599,100000
55616,100000
55626,100000
55589,100000
55627,100000
55627,100000
55655,100000
55743,100000
55854,100000
